1|2006|120.0|F|07|25755.0|70.0||3716.0||571285.03|382712.1|0.0|120.0|67.0|0.0|0.0|0.0|1858.0|1547.0|0.0|1753.52|0.0|030100|2006-01|
3|2006|120.0|F|07|25755.0|70.0||3716.0||577087.5|516320.27|0.0|120.0|89.0|3307.24|0.0|0.0|0.0|0.0|0.0|0.0|0.0|030100|2006-03|
4|2006|120.0|F|07|25755.0|70.0||3716.0||648206.8|557913.68|0.0|120.0|86.0|3195.76|0.0|0.0|0.0|0.0|0.0|0.0|0.0|030100|2006-04|
5|2006|120.0|F|07|25755.0|50.0||3716.0||701735.67|461833.42|0.0|120.0|66.0|2452.56|0.0|0.0|0.0|0.0|0.0|0.0|0.0|030100|2006-05|
1|2006|155.0|F|01|25967.0|70.0||3716.0||269407.5|103654.75|0.0|155.0|38.0|0.0|0.0|0.0|1858.0|1924.0|0.0|1134.21|0.0|010200|2006-01|
3|2006|155.0|F|01|25967.0|70.0||3716.0||374794.31|318097.01|0.0|155.0|85.0|3158.6|0.0|0.0|0.0|0.0|0.0|0.0|0.0|010200|2006-03|
4|2006|155.0|F|01|25967.0|70.0||3716.0||656828.51|228217.6|0.0|155.0|35.0|0.0|0.0|0.0|0.0|0.0|0.0|0.0|0.0|010200|2006-04|
5|2006|155.0|F|01|25967.0|80.0||3716.0||661797.18|291873.31|0.0|155.0|44.0|0.0|0.0|0.0|0.0|0.0|0.0|0.0|0.0|010200|2006-05|
1|2006|222.0|F|01|20314.0|500.0||10222.0||10000000000000.0|36235.26|0.0|222.0|0.0|0.0|0.0|0.0|5111.0|4715.0|0.0|3120.11|0.0|010700|2006-01|
3|2006|222.0|F|01|20314.0|500.0||10222.0||10000000.0|123191.22|4730.7|222.0|1.0|0.0|0.0|0.0|0.0|0.0|0.0|0.0|0.0|010700|2006-03|
4|2006|222.0|F|01|20314.0|500.0||10222.0||0.0|38986.99|0.0|222.0|122.0|0.0|0.0|0.0|0.0|0.0|0.0|0.0|0.0|010700|2006-04|
5|2006|222.0|F|01|20314.0|500.0||10222.0||100000000000.0|97236.36|0.0|222.0|0.0|0.0|0.0|0.0|0.0|0.0|0.0|0.0|0.0|010700|2006-05|
1|2006|400.0|F|06|17562.0|70.0||3716.0||409577.32|202895.32|0.0|400.0|50.0|0.0|0.0|0.0|1858.0|1988.0|0.0|1731.2|0.0|020200|2006-01|
1|2006|450.0|F|01|25834.0|70.0||3716.0||380889.13|369450.52|0.0|450.0|97.0|3604.52|0.0|0.0|6437.5|5506.0|865.08|2947.29|0.0|010300|2006-01|
3|2006|450.0|F|01|25834.0|70.0||3716.0||604899.73|760644.59|0.0|450.0|126.0|4682.16|0.0|0.0|0.0|0.0|0.0|0.0|0.0|010300|2006-03|
4|2006|450.0|F|01|25834.0|70.0||3716.0||815543.71|602877.52|0.0|450.0|74.0|2749.84|0.0|0.0|0.0|0.0|0.0|0.0|0.0|010300|2006-04|
5|2006|450.0|F|01|25834.0|50.0||3716.0||789558.25|515755.59|0.0|450.0|65.0|2415.4|0.0|0.0|0.0|0.0|0.0|0.0|0.0|010300|2006-05|
1|2006|499.0|F|07|24400.0|70.0||3716.0||656657.39|463573.38|0.0|499.0|71.0|2638.36|0.0|0.0|5003.74|4438.0|507.38|3139.08|0.0|030200|2006-01|
1|2006|650.0|F|01|25410.0|70.0||3716.0||400552.42|337665.59|0.0|650.0|84.0|3121.44|0.0|0.0|5728.59|4835.0|749.15|2660.24|0.0|010400|2006-01|
1|2006|660.0|F|08|25509.0|70.0||3716.0||576815.9|514128.58|0.0|660.0|89.0|3307.24|0.0|0.0|5911.15|4798.0|636.01|4493.52|0.0|020100|2006-01|
3|2006|660.0|F|08|25509.0|70.0||3716.0||801220.91|887944.7|0.0|660.0|111.0|4124.76|0.0|0.0|0.0|0.0|0.0|0.0|0.0|020100|2006-03|
4|2006|660.0|F|08|25509.0|70.0||3716.0||1087520.32|951812.51|0.0|660.0|88.0|3270.08|0.0|0.0|0.0|0.0|0.0|0.0|0.0|020100|2006-04|
5|2006|660.0|F|08|25509.0|50.0||3716.0||1013131.94|751289.85|0.0|660.0|74.0|2749.84|0.0|0.0|0.0|0.0|0.0|0.0|0.0|020100|2006-05|
1|2006|760.0|F|01|25512.0|70.0||3716.0||268514.62|218628.85|0.0|760.0|81.0|3009.96|0.0|0.0|5700.25|4939.0|722.39|2877.15|0.0|1|2006-01|
3|2006|760.0|F|01|25512.0|70.0||3716.0||268514.62|213736.32|0.0|760.0|80.0|2972.8|0.0|0.0|0.0|0.0|0.0|0.0|0.0|1|2006-03|
4|2006|760.0|F|01|25512.0|70.0||3716.0||283947.23|227459.76|0.0|760.0|80.0|2972.8|0.0|0.0|0.0|0.0|0.0|0.0|0.0|1|2006-04|
5|2006|760.0|F|01|25512.0|50.0||3716.0||316134.87|217727.76|0.0|760.0|69.0|2564.04|0.0|0.0|0.0|0.0|0.0|0.0|0.0|0403|2006-05|
1|2006|779.0|F|01|25865.0|70.0||3345.0||524395.82|457040.8|0.0|779.0|87.0|2910.15|0.0|0.0|5390.18|3951.0|698.44|2615.3|0.0|040200|2006-01|
3|2006|779.0|F|01|25865.0|70.0||3716.0||524395.82|637313.8|0.0|779.0|122.0|4533.52|0.0|0.0|0.0|0.0|0.0|0.0|0.0|040200|2006-03|
4|2006|779.0|F|01|25865.0|70.0||3716.0||597939.25|614208.68|0.0|779.0|103.0|3827.48|0.0|0.0|0.0|0.0|0.0|0.0|0.0|040200|2006-04|
5|2006|779.0|F|01|25865.0|80.0||3716.0||642822.68|520498.53|0.0|779.0|81.0|3009.96|0.0|0.0|0.0|0.0|0.0|0.0|0.0|040200|2006-05|
1|2006|780.0|F|01|26188.0|70.0||3716.0||569913.47|486928.44|87449.29|780.0|85.0|3158.6|0.0|0.0|5884.56|5021.0|758.06|2720.31|0.0|060100|2006-01|
3|2006|780.0|F|01|26188.0|70.0||3716.0||837585.34|690526.12|43726.86|780.0|82.0|3047.12|0.0|0.0|0.0|0.0|0.0|0.0|0.0|060100|2006-03|
4|2006|780.0|F|01|26188.0|70.0||3716.0||958141.08|821796.39|0.0|780.0|86.0|3195.76|0.0|0.0|0.0|0.0|0.0|0.0|0.0|060100|2006-04|
5|2006|780.0|F|01|26188.0|50.0||3716.0||927612.07|616876.49|0.0|780.0|67.0|2489.72|0.0|0.0|0.0|0.0|0.0|0.0|0.0|060100|2006-05|
1|2006|800.0|F|09|25914.0|70.0||3716.0||580258.56|380228.32|0.0|800.0|66.0|0.0|0.0|0.0|1967.9|2098.0|0.0|1791.51|0.0|030300|2006-01|
3|2006|800.0|F|09|25914.0|70.0||3716.0||734122.6|785831.37|0.0|800.0|107.0|3976.12|0.0|0.0|0.0|0.0|0.0|0.0|0.0|030300|2006-03|
4|2006|800.0|F|09|25914.0|70.0||3716.0||892497.61|838519.74|0.0|800.0|94.0|3493.04|0.0|0.0|0.0|0.0|0.0|0.0|0.0|030300|2006-04|
5|2006|800.0|F|09|25914.0|50.0||3716.0||864060.19|591070.56|0.0|800.0|68.0|2526.88|0.0|0.0|0.0|0.0|0.0|0.0|0.0|030300|2006-05|
1|2006|850.0|F|08|25249.0|70.0||3716.0||475746.32|305694.25|0.0|850.0|64.0|0.0|0.0|0.0|1858.0|1964.0|0.0|1866.31|0.0|020300|2006-01|
3|2006|850.0|F|08|25249.0|70.0||3716.0||696762.03|645943.92|0.0|850.0|93.0|3455.88|0.0|0.0|0.0|0.0|0.0|0.0|0.0|020300|2006-03|
4|2006|850.0|F|08|25249.0|80.0||3716.0||830314.84|638638.6|0.0|850.0|77.0|0.0|0.0|0.0|0.0|0.0|0.0|0.0|0.0|020300|2006-04|
5|2006|850.0|F|08|25249.0|50.0||3716.0||803858.73|605020.42|0.0|850.0|75.0|2787.0|0.0|0.0|0.0|0.0|0.0|0.0|0.0|020300|2006-05|
1|2006|899.0|F|09|25924.0|70.0||3716.0||546098.47|723335.48|0.0|899.0|132.0|4905.12|0.0|0.0|7706.41|6364.0|943.29|4039.7|0.0|030400|2006-01|
3|2006|899.0|F|09|25924.0|70.0||3716.0||794648.84|1043395.5|0.0|899.0|131.0|4867.96|0.0|0.0|0.0|0.0|0.0|0.0|0.0|030400|2006-03|
4|2006|899.0|F|09|25924.0|70.0||3716.0||1018769.32|920742.39|0.0|899.0|90.0|3344.4|0.0|0.0|0.0|0.0|0.0|0.0|0.0|030400|2006-04|
5|2006|899.0|F|09|25924.0|80.0||3716.0||986308.53|816217.76|0.0|899.0|83.0|3084.28|-182.44|0.0|0.0|0.0|0.0|0.0|0.0|030400|2006-05|
1|2006|910.0|F|01|25751.0|500.0||13969.0||10000000000.0|189570.91|0.0|910.0|0.0|0.0|0.0|0.0|6984.5|6043.0|0.0|4263.84|0.0|010800|2006-01|
3|2006|910.0|F|01|25751.0|500.0||13969.0||10000000.0|935843.09|2684.62|910.0|9.0|0.0|0.0|0.0|0.0|0.0|0.0|0.0|0.0|010800|2006-03|
4|2006|910.0|F|01|25751.0|500.0||13969.0||90000000000.0|1015558.92|0.0|910.0|0.0|0.0|0.0|0.0|0.0|0.0|0.0|0.0|0.0|010800|2006-04|
5|2006|910.0|F|01|25751.0|500.0||13969.0||10000000000.0|1691221.48|0.0|910.0|0.0|0.0|0.0|0.0|0.0|0.0|0.0|0.0|0.0|010800|2006-05|
