1|2006|127.0|F|01|23033.0|80.0||1728.0||43135.64|36480.02|0.0|910.0|85.0|345.6|0.0|0.0|1292.54|1328.0|82.94|819.61|0.0|010802|2006-01|
1|2006|131.0|F|01|25582.0|70.0|0.0|1429.0||27493.13|4381.8|0.0|910.0|16.0|0.0|0.0|0.0|824.4|792.0|0.0|436.07|0.0|010809|2006-01|
1|2006|134.0|F|01|24175.0|80.0||3379.0||132545.84|180193.42|0.0|910.0|136.0|2365.3|0.0|0.0|4622.47|4071.0|567.67|2349.87|0.0|010801|2006-01|
1|2006|138.0|F|01|25030.0|80.0||2487.0||56241.65|61197.59|0.0|910.0|109.0|994.8|0.0|0.0|2477.05|2444.0|238.75|1370.09|0.0|010804|2006-01|
1|2006|168.0|F|01|26252.0|70.0|0.0|1429.0||67689.92|15116.2|0.0|155.0|22.0|0.0|0.0|0.0|714.5|682.0|0.0|436.07|0.0|010214|2006-01|
1|2006|175.0|F|01|26636.0|70.0|0.0|1429.0||0.0|2546.21|-3267.14|780.0|27.0|0.0|0.0|0.0|0.0|0.0|0.0|0.0|0.0|060104|2006-01|
1|2006|185.0|F|01|26647.0|70.0|0.0|1429.0||101090.9|19824.27|0.0|350.0|20.0|0.0|0.0|0.0|1047.93|955.17|0.0|436.87|0.0|011107|2006-01|
1|2006|330.0|F|01|25782.0|500.0|0.0|7675.0||100000000000.0|650.63|0.0|0.0|0.0|0.0|0.0|0.0|3837.5|3629.0|0.0|2342.67|0.0|1|2006-01|
1|2006|350.0|F|01|25964.0|70.0||3716.0||466608.39|170536.66|0.0|350.0|37.0|0.0|0.0|0.0|1858.0|1440.0|0.0|1266.67|0.0|011100|2006-01|
1|2006|506.0|F|07|25659.0|70.0||1988.0||81000.0|133578.54|0.0|910.0|165.0|3280.2|0.0|0.0|4905.01|4180.0|630.81|2390.34|0.0|010806|2006-01|
1|2006|619.0|F|07|26172.0|70.0||1429.0||0.0|55725.16|0.0|120.0|113.0|0.0|0.0|0.0|0.0|0.0|0.0|0.0|0.0|030102|2006-01|
1|2006|630.0|F|01|26684.0|70.0||1429.0||0.0|60681.43|0.0|450.0|86.0|0.0|0.0|0.0|0.0|0.0|0.0|0.0|0.0|010302|2006-01|
1|2006|633.0|F|01|25484.0|70.0|0.0|2487.0||48879.84|25077.82|0.0|910.0|51.0|0.0|0.0|0.0|1353.4|1496.0|0.0|1065.05|0.0|010811|2006-01|
1|2006|693.0|F|07|26353.0|70.0|0.0|1429.0||136228.35|86820.12|0.0|499.0|64.0|0.0|0.0|0.0|714.5|425.0|0.0|749.08|0.0|030203|2006-01|
1|2006|701.0|F|09|25932.0|70.0|0.0|1429.0||59983.41|17252.38|0.0|800.0|29.0|0.0|0.0|0.0|824.4|843.0|0.0|655.25|0.0|030307|2006-01|
1|2006|746.0|F|01|25847.0|70.0|0.0|1429.0||80218.31|96945.7|0.0|799.0|121.0|1729.09|0.0|0.0|2858.57|2671.0|414.98|1394.66|0.0|040107|2006-01|
1|2006|787.0|F|01|26273.0|70.0|0.0|1429.0||40478.71|4072.98|0.0|760.0|10.0|0.0|0.0|0.0|0.0|0.0|0.0|0.0|0.0|040302|2006-01|
1|2006|327.0|C|01|25113.0|2.0||1533.0||0.0|34974.32|0.0|222.0||699.49|0.0||1633.87|1509.0|167.88|1441.67|0.0|010706|2006-01|
1|2006|341.0|C|01|25790.0|1.0|1.0|1025.0||0.0|55898.83|3147.48|330.0||590.46|0.0|0.0|1244.67|1128.0|141.71|626.08|0.0|1|2006-01|
1|2006|343.0|C|01|25803.0|1.0|1.0|1025.0||0.0|0.0|5351.93|330.0||53.52|0.0|0.0|578.86|567.0|12.84|402.95|0.0|011002|2006-01|
1|2006|331.0|R|01|0.0|4.0|0.0|0.0||0.0|6514.52|0.0|222.0||260.58|0.0|21.7150666667|0.0|0.0|0.0|0.0|0.0|1|2006-01|
1|2006|337.0|R|01|0.0|2.0|2.0|0.0||0.0|0.0|1065.81|222.0||21.32|0.0|1.77635|0.0|0.0|0.0|0.0|0.0|1|2006-01|
1|2006|353.0|R|01|0.0|2.0|2.0|0.0||0.0|0.0|215.13|222.0||4.3|0.0|0.35855|0.0|0.0|0.0|0.0|0.0|1|2006-01|
1|2006|356.0|R|01|0.0|2.0|2.0|0.0||0.0|1548.12|4471.44|222.0||120.39|0.0|10.0326|0.0|0.0|0.0|0.0|0.0|1|2006-01|
1|2006|357.0|R|01|0.0|2.0|2.0|0.0||0.0|5246.72|0.0|330.0||104.93|0.0|8.74453333333|0.0|0.0|0.0|0.0|0.0|1|2006-01|
1|2006|361.0|R|01|0.0|2.0|2.0|0.0||0.0|135.89|3696.18|222.0||76.64|0.0|6.38678333333|0.0|0.0|0.0|0.0|0.0|1|2006-01|
1|2006|363.0|R|01||2.0|2.0|0.0||0.0|0.0|2456.44|330.0||49.13|0.0|4.09406666667|0.0|0.0|0.0|0.0|0.0|1|2006-01|
1|2006|364.0|R|01|0.0|4.0||0.0||0.0|8886.54|0.0|222.0||355.46|0.0|29.6218|0.0|0.0|0.0|0.0|0.0|1|2006-01|
1|2006|367.0|R|01|0.0|4.0||0.0||0.0|2382.6|0.0|330.0||95.3|0.0|7.942|0.0|0.0|0.0|0.0|0.0|1|2006-01|
1|2006|369.0|R|01||4.0||0.0||0.0|7834.08|0.0|330.0||313.36|0.0|26.1136|0.0|0.0|0.0|0.0|0.0|01|2006-01|
1|2006|371.0|R|01|0.0|4.0||0.0||0.0|34640.74|0.0|222.0||1385.63|0.0|115.469133333|0.0|0.0|0.0|0.0|0.0|01|2006-01|
1|2006|373.0|R|01|0.0|2.0|2.0|||0.0|64957.21|23379.76|330.0||1766.7394|-939.72|147.228283333|0.0|0.0|0.0|0.0|0.0|011058|2006-01|
1|2006|377.0|R|01|0.0|2.0|2.0|||0.0|4447.12|18262.87|330.0||454.1998|0.0|37.8499833333|0.0|0.0|0.0|0.0|0.0|011052|2006-01|
1|2006|379.0|R|01|0.0|4.0||0.0||0.0|1658.97|0.0|222.0||66.36|0.0|5.5299|0.0|0.0|0.0|0.0|0.0|010705|2006-01|
1|2006|381.0|R|01||4.0|0.0||0.0|0.0|4045.5|0.0|222.0||161.82|0.0|13.485|0.0|0.0|0.0|0.0|0.0|010763|2006-01|
1|2006|382.0|R|01|0.0|4.0||||0.0|14472.23|0.0|222.0||578.8892|0.0|48.2407666667|0.0|0.0|0.0|0.0|0.0|010766|2006-01|
1|2006|514.0|R|01|0.0|6.0|0.0|||0.0|145504.05|0.0|660.0||8730.243|0.0|0.0|0.0|0.0|0.0|0.0|0.0|020106|2006-01|
1|2006|814.0|R|01|0.0|2.0|2.0|0.0||0.0|18949.29|23538.71|780.0||849.76|0.0|70.8133333333|0.0|0.0|0.0|0.0|0.0|060151|2006-01|
1|2006|816.0|R|01|0.0|4.0|0.0|0.0||0.0|43863.22|0.0|880.0||1754.53|0.0|146.210733333|0.0|0.0|0.0|0.0|0.0|1|2006-01|
1|2006|818.0|R|01|0.0|6.0|0.0|0.0||0.0|27036.84|0.0|760.0||1622.21|0.0|0.0|0.0|0.0|0.0|0.0|0.0|1|2006-01|
1|2006|819.0|R|01|0.0|4.0|0.0|0.0||0.0|13760.79|0.0|780.0||550.43|0.0|45.8693|0.0|0.0|0.0|0.0|0.0|060150|2006-01|
1|2006|824.0|R|01|0.0|4.0|0.0|0.0||0.0|36568.93|0.0|880.0||1462.76|-40.0|121.896433333|0.0|0.0|0.0|0.0|0.0|040403|2006-01|
1|2006|833.0|R|01|0.0|2.0|2.0|0.0||0.0|115496.87|119282.88|780.0||4695.6|0.0|391.299583333|0.0|0.0|0.0|0.0|0.0|060152|2006-01|
1|2006|837.0|R|01|0.0|2.0|2.0|0.0||0.0|44916.05|23651.27|910.0||1371.35|0.0|114.278866667|0.0|0.0|0.0|0.0|0.0|1|2006-01|
1|2006|839.0|R|01|0.0|4.0|0.0|0.0||0.0|7893.15|0.0|880.0||315.73|-20.0|26.3105|0.0|0.0|0.0|0.0|0.0|040405|2006-01|
1|2006|842.0|R|01|0.0|4.0|0.0|||0.0|88944.93|0.0|760.0||3557.7972|0.0|296.4831|0.0|0.0|0.0|0.0|0.0|040350|2006-01|
1|2006|410.0|A|01|0.0|5.0|0.0|0.0||0.0|61981.53|0.0|155.0||3099.08|-910.69||0.0|0.0|0.0|0.0|0.0|010209|2006-01|
2|2006|361.0|R|01|0.0|||0.0||0.0|258.74||222.0||5.17|||0.0|0.0|0.0|0.0|0.0|1|2006-02|
2|2006|357.0|R|01|0.0|||0.0||0.0|841.51||330.0||16.83|||0.0|0.0|0.0|0.0|0.0|1|2006-02|
2|2006|814.0|R|01|0.0|||0.0||0.0|18043.0||780.0||360.85|||0.0|0.0|0.0|0.0|0.0|060151|2006-02|
2|2006|331.0|R|01|0.0|4.0|0.0|||0.0|1909.47|0.0|222.0||76.3788|0.0|6.3649|0.0|0.0|0.0|0.0|0.0|1|2006-02|
2|2006|337.0|R|01|0.0|2.0|2.0|||0.0|0.0|1303.83|222.0||26.0766|0.0|2.17305|0.0|0.0|0.0|0.0|0.0|1|2006-02|
2|2006|353.0|R|01|0.0|2.0|2.0|||0.0|2994.55|0.0|222.0||59.891|0.0|4.99091666667|0.0|0.0|0.0|0.0|0.0|1|2006-02|
2|2006|356.0|R|01|0.0|2.0|2.0|||0.0|3189.55|466.27|222.0||73.1164|0.0|6.09303333333|0.0|0.0|0.0|0.0|0.0|1|2006-02|
2|2006|357.0|R|01|0.0|2.0|2.0|||0.0|0.0|1921.72|330.0||38.4344|0.0|3.20286666667|0.0|0.0|0.0|0.0|0.0|1|2006-02|
2|2006|361.0|R|01|0.0|2.0|2.0|||0.0|0.0|484.74|222.0||9.6948|0.0|0.8079|0.0|0.0|0.0|0.0|0.0|1|2006-02|
2|2006|364.0|R|01|0.0|4.0||||0.0|263.4|0.0|222.0||10.536|0.0|0.878|0.0|0.0|0.0|0.0|0.0|1|2006-02|
2|2006|373.0|R|01|0.0|2.0|2.0|||0.0|9767.76|1292.0|330.0||221.1952|153.93|18.4329333333|0.0|0.0|0.0|0.0|0.0|011058|2006-02|
2|2006|376.0|R|01|0.0|4.0||||0.0|983.49|0.0|330.0||39.3396|0.0|3.2783|0.0|0.0|0.0|0.0|0.0|011003|2006-02|
2|2006|377.0|R|01|0.0|2.0|2.0|||0.0|1313.2|1806.47|330.0||62.3934|0.0|5.19945|0.0|0.0|0.0|0.0|0.0|011052|2006-02|
2|2006|379.0|R|01|0.0|4.0||||0.0|1275.48|0.0|222.0||51.0192|0.0|4.2516|0.0|0.0|0.0|0.0|0.0|010705|2006-02|
2|2006|381.0|R|01||4.0|0.0||0.0|0.0|88.31|0.0|222.0||3.5324|0.0|0.294366666667|0.0|0.0|0.0|0.0|0.0|010763|2006-02|
2|2006|382.0|R|01|0.0|4.0||||0.0|226.56|0.0|222.0||9.0624|0.0|0.7552|0.0|0.0|0.0|0.0|0.0|010766|2006-02|
2|2006|514.0|R|01|0.0|6.0|0.0|||0.0|152329.44|0.0|660.0||9139.7664|0.0|0.0|0.0|0.0|0.0|0.0|0.0|020106|2006-02|
2|2006|814.0|R|01|0.0|2.0|2.0|||0.0|27649.17|9720.38|780.0||747.391|0.0|62.2825833333|0.0|0.0|0.0|0.0|0.0|060151|2006-02|
2|2006|816.0|R|01|0.0|4.0|0.0|||0.0|25241.08|0.0|880.0||1009.6432|0.0|84.1369333333|0.0|0.0|0.0|0.0|0.0|1|2006-02|
2|2006|818.0|R|01|0.0|6.0|0.0|||0.0|31335.61|0.0|760.0||1880.1366|0.0|0.0|0.0|0.0|0.0|0.0|0.0|1|2006-02|
2|2006|824.0|R|01|0.0|4.0|0.0|||0.0|137024.69|0.0|880.0||5480.9876|-40.0|456.748966667|0.0|0.0|0.0|0.0|0.0|040403|2006-02|
2|2006|833.0|R|01|0.0|2.0|2.0|||0.0|116187.21|50765.84|780.0||3339.061|0.0|278.255083333|0.0|0.0|0.0|0.0|0.0|060152|2006-02|
2|2006|837.0|R|01|0.0|2.0|2.0|||0.0|8497.45|17815.13|910.0||526.2516|0.0|43.8543|0.0|0.0|0.0|0.0|0.0|1|2006-02|
2|2006|839.0|R|01|0.0|4.0|0.0|||0.0|21833.89|0.0|880.0||873.3556|-20.0|72.7796333333|0.0|0.0|0.0|0.0|0.0|040405|2006-02|
2|2006|842.0|R|01|0.0|4.0|0.0|||0.0|12848.82|0.0|760.0||513.9528|0.0|42.8294|0.0|0.0|0.0|0.0|0.0|040350|2006-02|
2|2006|410.0|A|01|0.0|5.0|0.0|||0.0|49520.45|0.0|155.0||2476.0225|0.0||0.0|0.0|0.0|0.0|0.0|010209|2006-02|
3|2006|127.0|F|01|23033.0|80.0||1728.0||63423.68|105097.65|0.0|910.0|166.0|2868.48|0.0|0.0|5021.44|1058.0|424.96|1546.61|0.0|010802|2006-03|
3|2006|131.0|F|01|25582.0|70.0|0.0|1429.0||40424.0|20763.62|0.0|910.0|51.0|0.0|0.0|0.0|1538.9|1335.0|0.0|440.13|0.0|010809|2006-03|
3|2006|134.0|F|01|24175.0|80.0||3379.0||194886.28|251634.9|0.0|910.0|129.0|4358.91|0.0|0.0|8383.67|1742.0|645.76|2582.16|0.0|010801|2006-03|
3|2006|138.0|F|01|25030.0|80.0||2487.0||82693.85|152789.33|0.0|910.0|185.0|4600.95|0.0|0.0|7769.57|1544.0|681.62|2393.03|0.0|010804|2006-03|
3|2006|168.0|F|01|26252.0|70.0|0.0|1429.0||74859.44|55467.09|0.0|155.0|74.0|1057.46|0.0|0.0|0.0|0.0|0.0|0.0|0.0|010214|2006-03|
3|2006|175.0|F|01|26636.0|70.0|0.0|1429.0||0.0|-1617.09|0.0|780.0|81.0|0.0|0.0|0.0|0.0|0.0|0.0|0.0|0.0|060104|2006-03|
3|2006|185.0|F|01|26647.0|70.0|0.0|1429.0||102150.65|59665.89|0.0|350.0|58.0|0.0|0.0|0.0|1381.39|1181.0|0.0|425.47|0.0|011107|2006-03|
3|2006|506.0|F|07|25659.0|70.0||1988.0||101000.0|117464.13|0.0|910.0|116.0|2306.08|0.0|0.0|4635.72|1058.0|341.64|1659.58|0.0|010806|2006-03|
3|2006|633.0|F|01|25484.0|70.0|0.0|2487.0||71869.55|152525.07|0.0|910.0|212.0|5272.44|0.0|0.0|8650.44|1691.0|781.1|2630.48|0.0|010811|2006-03|
3|2006|693.0|F|07|26353.0|70.0|0.0|1572.0||137643.88|245377.23|0.0|499.0|178.0|2798.16|-121.54|0.0|4784.7|698.0|414.54|1712.93|0.0|030203|2006-03|
3|2006|701.0|F|09|25932.0|70.0|0.0|1429.0||88173.74|77497.74|0.0|800.0|88.0|1257.52|0.0|0.0|2982.72|811.0|186.3|1028.48|0.0|030307|2006-03|
3|2006|787.0|F|01|26273.0|70.0|0.0|1429.0||40478.71|6748.72|0.0|760.0|17.0|0.0|0.0|0.0|0.0|0.0|0.0|0.0|0.0|040302|2006-03|
3|2006|327.0|C|01|25113.0|2.0||1533.0||0.0|15230.09|0.0|222.0||304.6018|-304.6||1533.0|1313.0|0.0|472.17|0.0|010706|2006-03|
3|2006|341.0|C|01|25790.0|1.0|1.0|1025.0||0.0|31112.1|19394.1|330.0||505.062|0.0|0.0|1604.88|448.0|74.82|494.31|0.0|1|2006-03|
4|2006|127.0|F|01|23033.0|80.0||1728.0||145601.92|119449.55|0.0|910.0|82.0|1416.96|0.0|0.0|3576.21|1800.0|431.25|1101.47|0.0|010802|2006-04|
4|2006|131.0|F|01|25582.0|70.0|0.0|1429.0||51871.89|75117.75|0.0|910.0|145.0|2072.05|0.0|0.0|4241.57|1214.0|630.62|1272.54|0.0|010809|2006-04|
4|2006|134.0|F|01|24175.0|80.0||3379.0||502059.47|406800.76|0.0|910.0|81.0|2736.99|0.0|0.0|6948.99|3331.0|833.0|2140.29|0.0|010801|2006-04|
4|2006|138.0|F|01|25030.0|80.0||2487.0||166102.89|84588.4|0.0|910.0|51.0|0.0|0.0|0.0|2487.0|2089.0|0.0|765.99|0.0|010804|2006-04|
4|2006|168.0|F|01|26252.0|70.0|0.0|1429.0||105939.97|34885.43|0.0|155.0|33.0|0.0|0.0|0.0|0.0|0.0|0.0|0.0|0.0|010214|2006-04|
4|2006|185.0|F|01|26647.0|70.0|0.0|1429.0||87902.27|32153.61|0.0|350.0|37.0|0.0|0.0|0.0|0.0|0.0|0.0|0.0|0.0|011107|2006-04|
4|2006|299.0|F|01|19679.0|5000.0||7805.0||900000000.0|145797.61|0.0|910.0|0.0|0.0|0.0|0.0|7805.0|6830.0|0.0|2403.94|0.0|010507|2006-04|
4|2006|387.0|F|06|26678.0|70.0||2487.0||28683.23|42922.37|0.0|910.0|150.0|3730.5|-113.1|0.0|7352.87|2825.0|1135.37|2632.33|0.0|010810|2006-04|
4|2006|506.0|F|07|25659.0|70.0||1988.0||196844.31|50304.69|0.0|910.0|26.0|0.0|0.0|0.0|1988.0|1692.0|0.0|711.71|0.0|010806|2006-04|
4|2006|633.0|F|01|25484.0|70.0|0.0|2487.0||92544.65|90577.79|0.0|910.0|98.0|2437.26|0.0|0.0|5775.93|2729.0|741.77|1745.14|0.0|010811|2006-04|
4|2006|693.0|F|07|26353.0|70.0|0.0|1572.0||162374.12|127369.44|0.0|499.0|78.0|1226.16|-647.44|0.0|0.0|0.0|0.0|0.0|0.0|030203|2006-04|
4|2006|701.0|F|09|25932.0|70.0|0.0|1429.0||113264.46|96784.21|0.0|800.0|85.0|1214.65|0.0|0.0|0.0|0.0|0.0|0.0|0.0|030307|2006-04|
4|2006|787.0|F|01|26273.0|70.0|0.0|1429.0||0.0|11012.45|0.0|760.0|70.0|0.0|0.0|0.0|0.0|0.0|0.0|0.0|0.0|040302|2006-04|
4|2006|327.0|C|01|25113.0|2.0||1533.0||0.0|25488.06|0.0|222.0||509.7612|-129.08||2029.54|708.0|115.86|625.1|0.0|010706|2006-04|
4|2006|341.0|C|01|25790.0|1.0|1.0|1025.0||0.0|4844.07|31850.32|330.0||366.9439|0.0|0.0|1503.62|891.0|111.68|463.11|0.0|1|2006-04|
3|2006|331.0|R|01|0.0|4.0|0.0|||0.0|4895.52|0.0|222.0||195.8208|47.71|16.3184|0.0|0.0|0.0|0.0|0.0|1|2006-03|
3|2006|353.0|R|01|0.0|2.0|2.0|||0.0|0.0|2100.61|222.0||42.0122|0.0|3.50101666667|0.0|0.0|0.0|0.0|0.0|1|2006-03|
3|2006|356.0|R|01|0.0|2.0|2.0|||0.0|6754.28|3614.86|222.0||207.3828|0.0|17.2819|0.0|0.0|0.0|0.0|0.0|1|2006-03|
3|2006|357.0|R|01|0.0|2.0|2.0|||0.0|1483.2|1773.09|330.0||65.1258|0.0|5.42715|0.0|0.0|0.0|0.0|0.0|1|2006-03|
3|2006|361.0|R|01|0.0|2.0|2.0|||0.0|14379.84|95.69|222.0||289.5106|-313.64|24.1258833333|0.0|0.0|0.0|0.0|0.0|1|2006-03|
3|2006|367.0|R|01|0.0|4.0||||0.0|26715.73|0.0|330.0||1068.6292|31.16|89.0524333333|0.0|0.0|0.0|0.0|0.0|1|2006-03|
3|2006|371.0|R|01|0.0|4.0||||0.0|34272.33|0.0|222.0||1370.8932|0.0|114.2411|0.0|0.0|0.0|0.0|0.0|01|2006-03|
3|2006|372.0|R|01|0.0|4.0||||0.0|4498.73|0.0|222.0||179.9492|0.0|14.9957666667|0.0|0.0|0.0|0.0|0.0|01|2006-03|
3|2006|373.0|R|01|0.0|2.0|2.0|||0.0|6591.79|21094.9|330.0||553.7338|142.03|46.1444833333|0.0|0.0|0.0|0.0|0.0|011058|2006-03|
3|2006|374.0|R|01|0.0|4.0||||0.0|881.19|0.0|330.0||35.2476|0.0|2.9373|0.0|0.0|0.0|0.0|0.0|011057|2006-03|
3|2006|377.0|R|01|0.0|2.0|2.0|||0.0|4308.1|5561.37|330.0||197.3894|0.0|16.4491166667|0.0|0.0|0.0|0.0|0.0|011052|2006-03|
3|2006|378.0|R|01|0.0|4.0||||0.0|12525.43|0.0|222.0||501.0172|-444.91|41.7514333333|0.0|0.0|0.0|0.0|0.0|010759|2006-03|
3|2006|379.0|R|01|0.0|4.0||||0.0|9702.29|0.0|222.0||388.0916|0.0|32.3409666667|0.0|0.0|0.0|0.0|0.0|010705|2006-03|
3|2006|382.0|R|01|0.0|4.0||||0.0|3385.4|0.0|222.0||135.416|26.47|11.2846666667|0.0|0.0|0.0|0.0|0.0|010766|2006-03|
3|2006|514.0|R|01|0.0|6.0|0.0|||0.0|207313.68|0.0|660.0||12438.8208|0.0|0.0|0.0|0.0|0.0|0.0|0.0|020106|2006-03|
3|2006|814.0|R|01|0.0|2.0|2.0|||0.0|14676.69|19953.96|780.0||692.613|-45.0|57.71775|0.0|0.0|0.0|0.0|0.0|060151|2006-03|
3|2006|816.0|R|01|0.0|4.0|0.0|||0.0|26446.04|0.0|880.0||1057.8416|0.0|88.1534666667|0.0|0.0|0.0|0.0|0.0|1|2006-03|
3|2006|818.0|R|01|0.0|6.0|0.0|||0.0|28137.14|0.0|760.0||1688.2284|0.0|0.0|0.0|0.0|0.0|0.0|0.0|1|2006-03|
3|2006|824.0|R|01|0.0|4.0|0.0|||0.0|28263.77|0.0|880.0||1130.5508|0.0|94.2125666667|0.0|0.0|0.0|0.0|0.0|040403|2006-03|
3|2006|833.0|R|01|0.0|2.0|2.0|||0.0|307573.91|137176.98|780.0||8895.0178|0.0|741.251483333|0.0|0.0|0.0|0.0|0.0|060152|2006-03|
3|2006|837.0|R|01|0.0|2.0|2.0|||0.0|189997.3|15082.53|910.0||4101.5966|0.0|341.799716667|0.0|0.0|0.0|0.0|0.0|1|2006-03|
3|2006|839.0|R|01|0.0|4.0|0.0|||0.0|21972.99|0.0|880.0||878.9196|0.0|73.2433|0.0|0.0|0.0|0.0|0.0|040405|2006-03|
3|2006|410.0|A|01|0.0|5.0|0.0|||0.0|122146.19|0.0|155.0||6107.3095|0.0||0.0|0.0|0.0|0.0|0.0|010209|2006-03|
5|2006|127.0|F|01|23033.0|80.0||1728.0||140962.65|197730.94|0.0|910.0|140.0|2419.2|0.0|0.0|1728.0|1537.0|0.0|532.23|0.0|010802|2006-05|
5|2006|131.0|F|01|25582.0|80.0|0.0|1429.0||50219.11|3420.96|0.0|910.0|7.0|0.0|0.0|0.0|1549.89|1392.0|0.0|440.13|0.0|010809|2006-05|
5|2006|134.0|F|01|24175.0|80.0||3379.0||486062.47|171295.99|0.0|910.0|35.0|0.0|0.0|0.0|3379.0|2729.0|0.0|1040.73|0.0|010801|2006-05|
5|2006|138.0|F|01|25030.0|80.0||2487.0||160810.4|154019.75|0.0|910.0|96.0|2387.52|0.0|0.0|2487.0|2089.0|0.0|765.99|0.0|010804|2006-05|
5|2006|168.0|F|01|26252.0|70.0|0.0|1429.0||0.0|5596.85|0.0|155.0|63.0|0.0|0.0|0.0|0.0|0.0|0.0|0.0|0.0|010214|2006-05|
5|2006|185.0|F|01|26647.0|70.0|0.0|1429.0||0.0|23807.55|0.0|350.0|53.0|0.0|0.0|0.0|0.0|0.0|0.0|0.0|0.0|011107|2006-05|
5|2006|299.0|F|01|19679.0|5000.0||7805.0||0.0|70700.18|0.0|910.0|0.0|0.0|0.0|0.0|7805.0|6831.0|0.0|2403.94|0.0|010507|2006-05|
5|2006|387.0|F|06|26678.0|80.0||2487.0||27769.3|59717.3|0.0|910.0|215.0|5347.05|0.0|0.0|2487.0|2061.0|0.0|890.35|0.0|010810|2006-05|
5|2006|506.0|F|07|25659.0|80.0||2487.0||190572.31|224845.76|0.0|910.0|118.0|2934.66|0.0|0.0|3969.63|1992.0|239.13|1421.13|0.0|010806|2006-05|
5|2006|633.0|F|01|25484.0|80.0|0.0|2487.0||89595.93|109263.63|0.0|910.0|122.0|3034.14|0.0|0.0|2607.89|2191.0|0.0|765.99|0.0|010811|2006-05|
5|2006|693.0|F|07|26353.0|70.0|0.0|1572.0||0.0|5569.21|0.0|499.0|77.0|0.0|-409.6|0.0|0.0|0.0|0.0|0.0|0.0|030203|2006-05|
5|2006|701.0|F|09|25932.0|70.0|0.0|1429.0||0.0|7488.04|0.0|800.0|31.0|0.0|0.0|0.0|0.0|0.0|0.0|0.0|0.0|030307|2006-05|
5|2006|327.0|C|01|25113.0|2.0||1533.0||0.0|8609.25|0.0|222.0||172.185|0.0||1738.3|1271.0|33.11|535.4|0.0|010706|2006-05|
5|2006|341.0|C|01|25790.0|1.0|1.0|1025.0||0.0|22004.09|8766.89|330.0||307.7098|0.0|0.0|1391.89|926.0|59.18|428.7|0.0|1|2006-05|
4|2006|353.0|R|01|0.0|2.0|2.0|||0.0|768.83|0.0|222.0||15.3766|60.34|1.28138333333|0.0|0.0|0.0|0.0|0.0|1|2006-04|
4|2006|356.0|R|01|0.0|2.0|2.0|||0.0|3784.09|4940.44|222.0||174.4906|0.0|14.5408833333|0.0|0.0|0.0|0.0|0.0|1|2006-04|
4|2006|357.0|R|01|0.0|2.0|2.0|||0.0|10487.14|1056.97|330.0||230.8822|0.0|19.2401833333|0.0|0.0|0.0|0.0|0.0|1|2006-04|
4|2006|361.0|R|01|0.0|2.0|2.0|||0.0|1621.09|718.77|222.0||46.7972|-50.7|3.89976666667|0.0|0.0|0.0|0.0|0.0|1|2006-04|
4|2006|363.0|R|01||2.0|2.0|||0.0|785.3|0.0|330.0||15.706|0.0|1.30883333333|0.0|0.0|0.0|0.0|0.0|1|2006-04|
4|2006|367.0|R|01|0.0|4.0||||0.0|1288.7|0.0|330.0||51.548|0.0|4.29566666667|0.0|0.0|0.0|0.0|0.0|1|2006-04|
4|2006|371.0|R|01|0.0|4.0||||0.0|47470.59|0.0|222.0||1898.8236|0.0|158.2353|0.0|0.0|0.0|0.0|0.0|01|2006-04|
4|2006|372.0|R|01|0.0|4.0||||0.0|2210.3|0.0|222.0||88.412|0.0|7.36766666667|0.0|0.0|0.0|0.0|0.0|01|2006-04|
4|2006|373.0|R|01|0.0|2.0|2.0|||0.0|5680.78|6740.19|330.0||248.4194|33.63|20.7016166667|0.0|0.0|0.0|0.0|0.0|011058|2006-04|
4|2006|374.0|R|01|0.0|4.0||||0.0|785.0|0.0|330.0||31.4|0.0|2.61666666667|0.0|0.0|0.0|0.0|0.0|011057|2006-04|
4|2006|375.0|R|01|0.0|4.0||||0.0|7868.1|0.0|222.0||314.724|0.0|26.227|0.0|0.0|0.0|0.0|0.0|010754|2006-04|
4|2006|377.0|R|01|0.0|2.0|2.0|||0.0|0.0|890.98|330.0||17.8196|0.0|1.48496666667|0.0|0.0|0.0|0.0|0.0|011052|2006-04|
4|2006|378.0|R|01|0.0|4.0||||0.0|1935.45|0.0|222.0||77.418|0.0|6.4515|0.0|0.0|0.0|0.0|0.0|010759|2006-04|
4|2006|379.0|R|01|0.0|4.0||||0.0|3621.0|0.0|222.0||144.84|0.0|12.07|0.0|0.0|0.0|0.0|0.0|010705|2006-04|
4|2006|381.0|R|01||4.0|0.0||0.0|0.0|8258.17|0.0|222.0||330.3268|0.0|27.5272333333|0.0|0.0|0.0|0.0|0.0|010763|2006-04|
4|2006|514.0|R|01|0.0|6.0|0.0|||0.0|209184.36|0.0|660.0||12551.0616|0.0|0.0|0.0|0.0|0.0|0.0|0.0|020106|2006-04|
4|2006|814.0|R|01|0.0|2.0|2.0|||0.0|10439.53|15946.29|780.0||527.7164|0.0|43.9763666667|0.0|0.0|0.0|0.0|0.0|060151|2006-04|
4|2006|816.0|R|01|0.0|4.0|0.0|||0.0|28393.57|0.0|880.0||1135.7428|0.0|94.6452333333|0.0|0.0|0.0|0.0|0.0|1|2006-04|
4|2006|818.0|R|01|0.0|6.0|0.0|||0.0|14232.14|0.0|760.0||853.9284|0.0|0.0|0.0|0.0|0.0|0.0|0.0|1|2006-04|
4|2006|824.0|R|01|0.0|4.0|0.0|||0.0|95311.43|0.0|880.0||3812.4572|0.0|317.704766667|0.0|0.0|0.0|0.0|0.0|040403|2006-04|
4|2006|833.0|R|01|0.0|2.0|2.0|||0.0|177014.57|144138.22|780.0||6423.0558|0.0|535.25465|0.0|0.0|0.0|0.0|0.0|060152|2006-04|
4|2006|837.0|R|01|0.0|2.0|2.0|||0.0|399036.9|14343.09|910.0||8267.5998|0.0|688.96665|0.0|0.0|0.0|0.0|0.0|1|2006-04|
4|2006|839.0|R|01|0.0|4.0|0.0|||0.0|23869.25|0.0|880.0||954.77|0.0|79.5641666667|0.0|0.0|0.0|0.0|0.0|040405|2006-04|
4|2006|842.0|R|01|0.0|4.0|0.0|||0.0|60490.19|0.0|760.0||2419.6076|0.0|201.633966667|0.0|0.0|0.0|0.0|0.0|040350|2006-04|
4|2006|410.0|A|01|0.0|5.0|0.0|||0.0|72745.21|0.0|155.0||3637.2605|0.0||0.0|0.0|0.0|0.0|0.0|010209|2006-04|
1|2006|120.0|F|07|25755.0|50.0||3716.0||113817.82|382712.1|0.0|120.0|336.0|12485.76|||1858.0|1547.0|0.0|1753.52|0.0|030100|2006-01|
1|2006|250.0|F|01|25935.0|80.0||3716.0||465005.69|482013.9|0.0|250.0|104.0|3864.64|0.0|0.0|1858.0|2015.0|0.0|1459.77|0.0|010100|2006-01|
1|2006|400.0|F|06|17562.0|80.0||3716.0||50103.18|202895.32|0.0|400.0|405.0|15049.8|0.0|0.0|1858.0|1988.0|0.0|1731.2|0.0|020200|2006-01|
1|2006|450.0|F|01|25834.0|50.0||3716.0||380889.13|370148.55|0.0|450.0|97.0|3604.52|0.0|0.0|6437.5|5506.0|865.08|2947.29|0.0|010300|2006-01|
1|2006|499.0|F|07|24400.0|50.0||3716.0||108176.67|463573.38|0.0|499.0|429.0|15941.64|0.0|0.0|5003.74|4438.0|507.38|3139.08|0.0|030200|2006-01|
1|2006|650.0|F|01|25410.0|50.0||3716.0||50239.99|337665.59|0.0|650.0|672.0|24971.52|0.0|0.0|5728.59|4835.0|749.15|2660.24|0.0|010400|2006-01|
1|2006|660.0|F|08|25509.0|50.0||3716.0||126041.11|514128.58|0.0|660.0|408.0|15161.28|0.0|0.0|5911.15|4798.0|636.01|4493.52|0.0|020100|2006-01|
1|2006|760.0|F|01|25512.0|50.0||3716.0||95613.37|218628.85|0.0|760.0|229.0|8509.64|0.0|0.0|5700.25|4939.0|722.39|2877.15|0.0|0403|2006-01|
1|2006|779.0|F|01|25865.0|80.0||3716.0||106841.08|457040.8|0.0|779.0|428.0|15904.48|0.0|0.0|5390.18|3951.0|698.44|2615.3|0.0|040200|2006-01|
1|2006|780.0|F|01|26188.0|80.0||3716.0||82569.55|486928.44|139554.45|780.0|590.0|21924.4|0.0|0.0|5884.56|5021.0|758.06|2720.31|0.0|060100|2006-01|
1|2006|799.0|F|01|23066.0|80.0||3716.0||73969.87|501892.24|0.0|799.0|679.0|25231.64|0.0|0.0|6189.37|4719.0|838.33|3130.16|0.0|040100|2006-01|
1|2006|800.0|F|09|25914.0|50.0||3716.0||93688.83|380228.32|0.0|800.0|406.0|15086.96|0.0|0.0|1967.9|2098.0|0.0|1791.51|0.0|030300|2006-01|
1|2006|850.0|F|08|25249.0|50.0||3716.0||81293.04|305694.25|0.0|850.0|376.0|13972.16|0.0|0.0|1858.0|1964.0|0.0|1866.31|0.0|020300|2006-01|
1|2006|880.0|F|01|24918.0|50.0||3716.0||87241.92|309913.81|0.0|880.0|355.0|13191.8|0.0|0.0|5888.72|5041.0|794.77|2957.48|0.0|0404|2006-01|
1|2006|899.0|F|09|25924.0|80.0||3716.0||61835.08|723335.48|0.0|899.0|1170.0|43477.2|0.0|0.0|7706.41|6364.0|943.29|4039.7|0.0|030400|2006-01|
3|2006|120.0|F|07|25755.0|50.0||3716.0||577087.5|-357685.65|0.0|120.0|-62.0|0.0|||7513.2|1340.0|489.96|2689.73|0.0|030100|2006-03|
3|2006|155.0|F|01|25967.0|80.0||3716.0||374794.31|-874005.92|0.0|155.0|-233.0|0.0|0.0|0.0|7982.52|2246.0|550.52|2458.62|0.0|010200|2006-03|
3|2006|250.0|F|01|25935.0|80.0||3716.0||469865.42|-167944.48|0.0|250.0|-36.0|0.0|0.0|0.0|7555.87|1801.0|495.47|2327.21|0.0|010100|2006-03|
3|2006|400.0|F|06|17562.0|80.0||3716.0||538647.46|-277584.47|0.0|400.0|-52.0|0.0|0.0|0.0|8451.84|1884.0|611.08|3025.77|0.0|020200|2006-03|
3|2006|450.0|F|01|25834.0|50.0||3716.0||604899.73|-113361.33|0.0|450.0|-19.0|0.0|0.0|0.0|9201.71|2056.0|693.65|2800.27|0.0|010300|2006-03|
3|2006|499.0|F|07|24400.0|50.0||3716.0||663485.75|-5948.28|0.0|499.0|-1.0|0.0|0.0|0.0|9305.14|1942.0|721.18|3331.24|0.0|030200|2006-03|
3|2006|650.0|F|01|25410.0|50.0||3716.0||581069.71|-193256.28|0.0|650.0|-33.0|0.0|0.0|0.0|8707.83|1809.0|644.11|2682.03|0.0|010400|2006-03|
3|2006|660.0|F|08|25509.0|50.0||3716.0||801220.91|121795.89|0.0|660.0|15.0|0.0|0.0|0.0|9543.03|2672.0|737.69|3377.07|0.0|020100|2006-03|
3|2006|760.0|F|01|25512.0|50.0||3716.0||268514.62|-644533.01|0.0|760.0|-240.0|0.0|0.0|0.0|7964.42|2328.0|534.0|2419.19|0.0|0403|2006-03|
3|2006|779.0|F|01|25865.0|80.0||3716.0||524395.82|-236692.12|0.0|779.0|-45.0|0.0|0.0|0.0|9030.24|1396.0|671.63|2747.71|0.0|040200|2006-03|
3|2006|780.0|F|01|26188.0|80.0||3716.0||837585.34|47374.87|157130.94|780.0|6.0|0.0|0.0|0.0|8263.08|2491.0|572.54|2511.18|0.0|060100|2006-03|
3|2006|799.0|F|01|23066.0|80.0||3716.0||541064.99|-76610.02|0.0|799.0|-14.0|0.0|0.0|0.0|9987.78|1601.0|809.26|3076.25|0.0|040100|2006-03|
3|2006|800.0|F|09|25914.0|50.0||3716.0||734122.6|-88174.55|0.0|800.0|-12.0|0.0|0.0|0.0|8391.07|1910.0|589.05|2964.65|0.0|030300|2006-03|
3|2006|850.0|F|08|25249.0|50.0||3716.0||696762.03|-228062.0|0.0|850.0|-33.0|0.0|0.0|0.0|7683.86|1729.0|511.98|2750.83|0.0|020300|2006-03|
3|2006|880.0|F|01|24918.0|50.0||3716.0||312805.72|-487442.72|0.0|880.0|-156.0|0.0|0.0|0.0|11078.98|3900.0|935.88|3378.48|0.0|0404|2006-03|
3|2006|899.0|F|09|25924.0|80.0||3716.0||794648.84|169389.58|0.0|899.0|21.0|0.0|0.0|0.0|9305.14|1963.0|721.18|3331.24|0.0|030400|2006-03|
4|2006|120.0|F|07|25755.0|50.0||3716.0||648206.8|430303.89|0.0|120.0|66.0|2452.56|||0.0|0.0|0.0|0.0|0.0|030100|2006-04|
4|2006|155.0|F|01|25967.0|80.0||3716.0||656828.51|31957.59|0.0|155.0|5.0|0.0|0.0|0.0|0.0|0.0|0.0|0.0|0.0|010200|2006-04|
4|2006|250.0|F|01|25935.0|80.0||3716.0||878520.63|500185.14|0.0|250.0|57.0|0.0|0.0|0.0|0.0|0.0|0.0|0.0|0.0|010100|2006-04|
4|2006|400.0|F|06|17562.0|80.0||3716.0||658374.48|468715.71|0.0|400.0|71.0|0.0|0.0|0.0|0.0|0.0|0.0|0.0|0.0|020200|2006-04|
4|2006|450.0|F|01|25834.0|50.0||3716.0||815543.71|475267.73|0.0|450.0|58.0|2155.28|0.0|0.0|0.0|0.0|0.0|0.0|0.0|010300|2006-04|
4|2006|499.0|F|07|24400.0|50.0||3716.0||746253.95|487827.33|0.0|499.0|65.0|2415.4|0.0|0.0|0.0|0.0|0.0|0.0|0.0|030200|2006-04|
4|2006|650.0|F|01|25410.0|50.0||3716.0||818125.07|549565.88|0.0|650.0|67.0|2489.72|0.0|0.0|0.0|0.0|0.0|0.0|0.0|010400|2006-04|
4|2006|660.0|F|08|25509.0|50.0||3716.0||1087520.32|1033387.08|0.0|660.0|95.0|3530.2|0.0|0.0|0.0|0.0|0.0|0.0|0.0|020100|2006-04|
4|2006|760.0|F|01|25512.0|50.0||3716.0||283947.23|174572.3|0.0|760.0|61.0|2266.76|0.0|0.0|0.0|0.0|0.0|0.0|0.0|0403|2006-04|
4|2006|779.0|F|01|25865.0|80.0||3716.0||597939.25|486598.89|0.0|779.0|81.0|3009.96|0.0|0.0|0.0|0.0|0.0|0.0|0.0|040200|2006-04|
4|2006|780.0|F|01|26188.0|80.0||3716.0||958141.08|880248.04|160084.51|780.0|92.0|3418.72|0.0|0.0|0.0|0.0|0.0|0.0|0.0|060100|2006-04|
4|2006|799.0|F|01|23066.0|80.0||3716.0||633931.54|597924.53|0.0|799.0|94.0|3493.04|0.0|0.0|0.0|0.0|0.0|0.0|0.0|040100|2006-04|
4|2006|800.0|F|09|25914.0|50.0||3716.0||892497.61|710909.95|0.0|800.0|80.0|2972.8|0.0|0.0|0.0|0.0|0.0|0.0|0.0|030300|2006-04|
4|2006|850.0|F|08|25249.0|50.0||3716.0||830314.84|511028.81|0.0|850.0|62.0|2303.92|0.0|0.0|0.0|0.0|0.0|0.0|0.0|020300|2006-04|
4|2006|880.0|F|01|24918.0|50.0||3716.0||425583.04|286986.17|0.0|880.0|67.0|2489.72|0.0|0.0|0.0|0.0|0.0|0.0|0.0|0404|2006-04|
4|2006|899.0|F|09|25924.0|80.0||3716.0||1018769.32|793132.6|0.0|899.0|78.0|0.0|0.0|0.0|0.0|0.0|0.0|0.0|0.0|030400|2006-04|
5|2006|120.0|F|07|25755.0|50.0||3716.0||701735.67|687846.33|0.0|120.0|98.0|3641.68|||0.0|0.0|0.0|0.0|0.0|030100|2006-05|
5|2006|155.0|F|01|25967.0|80.0||3716.0||661797.18|70896.64|0.0|155.0|11.0|0.0|0.0|0.0|0.0|0.0|0.0|0.0|0.0|010200|2006-05|
5|2006|250.0|F|01|25935.0|80.0||3716.0||870542.62|672316.99|0.0|250.0|77.0|0.0|0.0|0.0|0.0|0.0|0.0|0.0|0.0|010100|2006-05|
5|2006|400.0|F|06|17562.0|80.0||3716.0||637396.86|824457.91|0.0|400.0|129.0|4793.64|0.0|0.0|0.0|0.0|0.0|0.0|0.0|020200|2006-05|
5|2006|450.0|F|01|25834.0|50.0||3716.0||789558.25|772959.27|0.0|450.0|98.0|3641.68|0.0|0.0|0.0|0.0|0.0|0.0|0.0|010300|2006-05|
5|2006|499.0|F|07|24400.0|50.0||3716.0||830847.69|726373.19|0.0|499.0|87.0|3232.92|0.0|0.0|0.0|0.0|0.0|0.0|0.0|030200|2006-05|
5|2006|650.0|F|01|25410.0|50.0||3716.0||792057.36|956620.83|0.0|650.0|121.0|4496.36|0.0|0.0|0.0|0.0|0.0|0.0|0.0|010400|2006-05|
5|2006|660.0|F|08|25509.0|50.0||3716.0||1013131.94|1317461.36|0.0|660.0|130.0|4830.8|0.0|0.0|0.0|0.0|0.0|0.0|0.0|020100|2006-05|
5|2006|760.0|F|01|25512.0|50.0||3716.0||316134.87|222329.39|0.0|760.0|70.0|2601.2|0.0|0.0|0.0|0.0|0.0|0.0|0.0|0403|2006-05|
5|2006|779.0|F|01|25865.0|80.0||3716.0||642822.68|818715.79|0.0|779.0|127.0|4719.32|0.0|0.0|0.0|0.0|0.0|0.0|0.0|040200|2006-05|
5|2006|780.0|F|01|26188.0|80.0||3716.0||927612.07|1099770.98|249494.9|780.0|119.0|4422.04|0.0|0.0|0.0|0.0|0.0|0.0|0.0|060100|2006-05|
5|2006|799.0|F|01|23066.0|80.0||3716.0||721682.97|986480.21|0.0|799.0|137.0|5090.92|0.0|0.0|0.0|0.0|0.0|0.0|0.0|040100|2006-05|
5|2006|800.0|F|09|25914.0|50.0||3716.0||864060.19|957925.95|0.0|800.0|111.0|4124.76|0.0|0.0|0.0|0.0|0.0|0.0|0.0|030300|2006-05|
5|2006|850.0|F|08|25249.0|50.0||3716.0||803858.73|971858.49|0.0|850.0|121.0|4496.36|0.0|0.0|0.0|0.0|0.0|0.0|0.0|020300|2006-05|
5|2006|880.0|F|01|24918.0|50.0||3716.0||443005.63|442981.76|741.88|880.0|100.0|3716.0|0.0|0.0|0.0|0.0|0.0|0.0|0.0|0404|2006-05|
5|2006|899.0|F|09|25924.0|80.0||3716.0||986308.53|1384673.15|0.0|899.0|140.0|5202.4|0.0|0.0|0.0|0.0|0.0|0.0|0.0|030400|2006-05|
