000000000000000090200000002000000000000034080000000000000000000000000000
000000000000000093120000003000000000000129600000000000000000000000000000
000000000000000002050000001000000000000051390000000000000000000000000000
000000000000000000760000010000000000000019100000000000000000000000000000
000000000000000000770000009000000000000003060000000000000000000000000000
000000000000000002910000005000000000000001600000000000000000000000000000
000000000000000006520000005000000000000003700000000000000000000000000000
000000000000000099010000005000000000000035000000000000000000000000000000
000000000000000095930000001000000000000052290000000000000000000000000000
000000000000000000220000004000000000000031080000000000000000000000000000
000000000000000099940000001000000000000062790000000000000000000000000000
000000000000052142940000016000000000000077120000000000000000000000000000
000000000000051044140000008000000000000032080000000000000000000000000000
000000000000053143640000002000000000000017020000000000000000000000000000
000000000000053143540000004000000000000030960000000000000000000000000000
000000000000051044340000001000000000000004330000000000000000000000000000
000000000000027173500000001000000000000001200000000000000000000000000000
000000000000083216100000001000000000000005240000000000000000000000000000
000000000000021043810000001000000000000006600000000000000000000000000000
000000000000052143340000005000000000000040850000000000000000000000000000
000000000000010199210000001000000000000078500000000000000000000000000000
000000000000010199320000001000000000000078500000000000000000000000000000
000000000000001000620000001000000000000040890000000000000000000000000000
000000000000000005800000001000000000000012930000000000000000000000000000
000000000000001054820000002000000000000081780000000000000000000000000000
000000000000002180410000002000000000000037000000000000000000000000000000
000000000000002180720000001000000000000033380000000000000000000000000000
000000000000002180920000002000000000000049340000000000000000000000000000
000000000000002180520000006000000000000111000000000000000000000000000000
000000000000000000870000003000000000000001290000000000000000000000000000
000000000000000001170000001000000000000005950000000000000000000000000000
000000000000000001740000001000000000000005760000000000000000000000000000
000000000000000000550000001000000000000001100000000000000000000000000000
000000000000000002100000001000000000000024710000000000000000000000000000
000000000000000000340000001000000000000001090000000000000000000000000000
000000000000000010290000001000000000000036990000000000000000000000000000
000000000000000010120000001000000000000007000000000000000000000000000000
000000000000000095970000002000000000000028800000000000000000000000000000
000000000000000000710000001000000000000005580000000000000000000000000000
000000000000000000790000001000000000000001790000000000000000000000000000
000000000000051044840000001000000000000006200000000000000000000000000000
000000000000052049640000001000000000000005210000000000000000000000000000
000000000000083149100000001000000000000005350000000000000000000000000000
000000000000000017900000002000000000000016900000000000000000000000000000
000000000000032220140000001000000000000006300000000000000000000000000000
000000000000041065640000001000000000000005380000000000000000000000000000
000000000000041056040000001000000000000002420000000000000000000000000000
000000000000000000600000001000000000000007120000000000000000000000000000
000000000000000002860000001000000000000005760000000000000000000000000000
000000000000000002870000001000000000000002710000000000000000000000000000
000000000000000002740000001000000000000001790000000000000000000000000000
000000000000000016080000001000000000000007770000000000000000000000000000
