000000000000000014410000001000000000000015360000000000000000000000000000
000000000000000000770000006000000000000002040000000000000000000000000000
000000000000000000760000006000000000000011460000000000000000000000000000
000000000000000000340000001000000000000001090000000000000000000000000000
000000000000000099070000001000000000000007000000000000000000000000000000
000000000000052142940000018000000000000086760000000000000000000000000000
000000000000051045240000001000000000000007010000000000000000000000000000
000000000000053143540000001000000000000007740000000000000000000000000000
000000000000051044240000001000000000000004830000000000000000000000000000
000000000000051044840000001000000000000006200000000000000000000000000000
000000000000051045340000001000000000000008380000000000000000000000000000
000000000000054114400000001000000000000003650000000000000000000000000000
000000000000054114300000003000000000000005490000000000000000000000000000
000000000000054050900000001000000000000001830000000000000000000000000000
000000000000052097640000002000000000000011940000000000000000000000000000
000000000000010199320000002000000000000157000000000000000000000000000000
000000000000061205030000002000000000000003960000000000000000000000000000
000000000000062209740000006000000000000026280000000000000000000000000000
000000000000064208900000002000000000000001180000000000000000000000000000
000000000000061209240000003000000000000010920000000000000000000000000000
000000000000064207600000001000000000000001070000000000000000000000000000
000000000000064208100000001000000000000001070000000000000000000000000000
000000000000062206130000001000000000000002560000000000000000000000000000
000000000000010096710000001000000000000065370000000000000000000000000000
000000000000015158510000001000000000000034220000000000000000000000000000
000000000000043135740000001000000000000004290000000000000000000000000000
000000000000042134940000006000000000000017940000000000000000000000000000
000000000000041101840000001000000000000005220000000000000000000000000000
000000000000042135340000001000000000000004460000000000000000000000000000
000000000000000005840000001000000000000012930000000000000000000000000000
000000000000002180520000008000000000000148000000000000000000000000000000
000000000000044078400000009000000000000006210000000000000000000000000000
000000000000044084000000011000000000000007590000000000000000000000000000
000000000000044076000000002000000000000001380000000000000000000000000000
000000000000044023200000001000000000000000690000000000000000000000000000
000000000000000017900000001000000000000008450000000000000000000000000000
000000000000000095480000001000000000000032710000000000000000000000000000
000000000000006215220000001000000000000049070000000000000000000000000000
000000000000010159320000001000000000000065370000000000000000000000000000
000000000000083216000000001000000000000004230000000000000000000000000000
000000000000041056040000001000000000000002420000000000000000000000000000
000000000000021102110000001000000000000005220000000000000000000000000000
000000000000002180920000001000000000000024670000000000000000000000000000
000000000000017166000000001000000000000007170000000000000000000000000000
000000000000000018050000002000000000000059200000000000000000000000000000
000000000000000000240000001000000000000007770000000000000000000000000000
000000000000000001310000001000000000000005480000000000000000000000000000
000000000000000017350000003000000000000005730000000000000000000000000000
000000000000000000220000003000000000000023310000000000000000000000000000
000000000000000001740000002000000000000011520000000000000000000000000000
000000000000000002910000001000000000000000320000000000000000000000000000
000000000000000006520000001000000000000000740000000000000000000000000000
000000000000000099010000001000000000000007000000000000000000000000000000
000000000000000017300000002000000000000007620000000000000000000000000000
000000000000000090030000001000000000000039250000000000000000000000000000
000000000000000001420000001000000000000009010000000000000000000000000000
000000000000000002320000001000000000000001110000000000000000000000000000
000000000000000095560000001000000000000014400000000000000000000000000000
000000000000000095930000001000000000000052290000000000000000000000000000
000000000000000099030000001000000000000007000000000000000000000000000000
000000000000000095960000001000000000000014400000000000000000000000000000
000000000000000093120000001000000000000043200000000000000000000000000000
000000000000000016600000001000000000000011460000000000000000000000000000
000000000000000001170000001000000000000005950000000000000000000000000000
000000000000000002990000001000000000000006490000000000000000000000000000
000000000000000004330000001000000000000007770000000000000000000000000000
000000000000000015720000001000000000000007770000000000000000000000000000
