000000000000064208300000020000000000000042800000000000000000000000000000
000000000000064209100000020000000000000023600000000000000000000000000000
000000000000000095930000003000000000000156870000000000000000000000000000
000000000000000005820000001000000000000012930000000000000000000000000000
000000000000000096320000001000000000000028050000000000000000000000000000
000000000000052154140000002000000000000032620000000000000000000000000000
000000000000054126100000001000000000000008050000000000000000000000000000
000000000000054121900000001000000000000001230000000000000000000000000000
000000000000052153530000002000000000000015040000000000000000000000000000
000000000000052142940000009000000000000043380000000000000000000000000000
000000000000054003100000001000000000000001830000000000000000000000000000
000000000000054032900000001000000000000000480000000000000000000000000000
000000000000052049640000001000000000000005210000000000000000000000000000
000000000000053143940000001000000000000008640000000000000000000000000000
000000000000051044940000001000000000000007830000000000000000000000000000
000000000000051044240000002000000000000009660000000000000000000000000000
000000000000051045240000001000000000000007010000000000000000000000000000
000000000000044078400000001000000000000000690000000000000000000000000000
000000000000000095970000001000000000000014400000000000000000000000000000
000000000000000099080000001000000000000007000000000000000000000000000000
000000000000000018050000001000000000000029600000000000000000000000000000
000000000000000019620000001000000000000003050000000000000000000000000000
000000000000000021540000001000000000000049240000000000000000000000000000
000000000000000015930000001000000000000104580000000000000000000000000000
000000000000000000220000002000000000000015540000000000000000000000000000
000000000000000007790000001000000000000007130000000000000000000000000000
000000000000000008080000001000000000000006490000000000000000000000000000
000000000000000006460000001000000000000003410000000000000000000000000000
000000000000000003750000002000000000000003300000000000000000000000000000
000000000000000007300000002000000000000000360000000000000000000000000000
000000000000000000760000008000000000000015280000000000000000000000000000
000000000000002180920000001000000000000024670000000000000000000000000000
000000000000000017900000002000000000000016900000000000000000000000000000
000000000000000000770000006000000000000002040000000000000000000000000000
000000000000000009940000000000000000000000000000000000000000000000000000
000000000000000099940000001000000000000062790000000000000000000000000000
000000000000000090030000001000000000000039250000000000000000000000000000
000000000000000093120000002000000000000086400000000000000000000000000000
000000000000000003120000001000000000000086390000000000000000000000000000
000000000000000000790000002000000000000003580000000000000000000000000000
000000000000000000860000003000000000000000540000000000000000000000000000
000000000000000000810000003000000000000002220000000000000000000000000000
000000000000000002050000001000000000000051390000000000000000000000000000
000000000000000014130000001000000000000007120000000000000000000000000000
000000000000000021610000001000000000000008400000000000000000000000000000
