000000000000000005800000001000000000000012930000000000000000000000000000
000000000000000000350000002000000000000002200000000000000000000000000000
000000000000000000360000002000000000000005020000000000000000000000000000
000000000000000001630000001000000000000001850000000000000000000000000000
000000000000000003810000004000000000000000800000000000000000000000000000
000000000000000007710000001000000000000004190000000000000000000000000000
000000000000000000760000004000000000000007640000000000000000000000000000
000000000000000000650000001000000000000001340000000000000000000000000000
000000000000000099030000001000000000000007000000000000000000000000000000
000000000000083216000000003000000000000012690000000000000000000000000000
000000000000083216100000003000000000000015720000000000000000000000000000
000000000000002180520000009000000000000166500000000000000000000000000000
000000000000000002220000002000000000000007020000000000000000000000000000
000000000000000095970000001000000000000014400000000000000000000000000000
000000000000000095930000003000000000000156870000000000000000000000000000
000000000000000009180000001000000000000031960000000000000000000000000000
000000000000000000300000001000000000000002730000000000000000000000000000
000000000000006215220000002000000000000098140000000000000000000000000000
000000000000000002000000001000000000000027460000000000000000000000000000
000000000000000010290000001000000000000036990000000000000000000000000000
000000000000000001950000001000000000000157710000000000000000000000000000
000000000000000000940000001000000000000021230000000000000000000000000000
000000000000000001170000001000000000000005950000000000000000000000000000
000000000000011031220000002000000000000108000000000000000000000000000000
000000000000001054820000001000000000000040890000000000000000000000000000
000000000000044023200000001000000000000000690000000000000000000000000000
000000000000000017900000002000000000000016900000000000000000000000000000
000000000000000005600000007000000000000027020000000000000000000000000000
000000000000000006270000001000000000000006470000000000000000000000000000
000000000000000013490000015000000000000071700000000000000000000000000000
000000000000000007600000001000000000000001110000000000000000000000000000
000000000000000099940000001000000000000062790000000000000000000000000000
000000000000000002010000001000000000000027460000000000000000000000000000
000000000000000011430000020000000000000058400000000000000000000000000000
000000000000000004430000030000000000000207600000000000000000000000000000
000000000000000000770000003000000000000001020000000000000000000000000000
000000000000000000550000001000000000000001100000000000000000000000000000
000000000000000002910000003000000000000000960000000000000000000000000000
000000000000000006520000001000000000000000740000000000000000000000000000
000000000000000001740000001000000000000005760000000000000000000000000000
000000000000000000220000001000000000000007770000000000000000000000000000
000000000000000099010000001000000000000007000000000000000000000000000000
000000000000000095480000001000000000000032710000000000000000000000000000
000000000000000016080000002000000000000015540000000000000000000000000000
000000000000064208300000001000000000000002140000000000000000000000000000
000000000000064209100000001000000000000001180000000000000000000000000000
000000000000061209340000001000000000000003640000000000000000000000000000
000000000000061205030000002000000000000003960000000000000000000000000000
000000000000000004330000001000000000000007770000000000000000000000000000
000000000000000015700000002000000000000015540000000000000000000000000000
000000000000000000400000002000000000000001060000000000000000000000000000
000000000000000000860000002000000000000000360000000000000000000000000000
000000000000000016050000001000000000000007770000000000000000000000000000
