000000000000000093120000001000000000000043200000000000000000000000000000
000000000000000095970000003000000000000043200000000000000000000000000000
000000000000083145300000001000000000000001970000000000000000000000000000
000000000000064208100000001000000000000001070000000000000000000000000000
000000000000000002050000001000000000000051390000000000000000000000000000
000000000000000001450000001000000000000004330000000000000000000000000000
000000000000000002680000001000000000000003230000000000000000000000000000
000000000000000007460000001000000000000000230000000000000000000000000000
000000000000000006480000001000000000000001270000000000000000000000000000
000000000000000007300000001000000000000000180000000000000000000000000000
000000000000000008080000002000000000000012980000000000000000000000000000
000000000000010096710000001000000000000065370000000000000000000000000000
000000000000000000210000001000000000000007770000000000000000000000000000
000000000000000021540000001000000000000049240000000000000000000000000000
000000000000000099940000001000000000000062790000000000000000000000000000
000000000000000000240000001000000000000007770000000000000000000000000000
000000000000000007710000001000000000000004190000000000000000000000000000
000000000000000000760000003000000000000005730000000000000000000000000000
000000000000000099030000001000000000000007000000000000000000000000000000
000000000000000095930000004000000000000209160000000000000000000000000000
000000000000000005800000001000000000000012930000000000000000000000000000
000000000000000090060000002000000000000065420000000000000000000000000000
000000000000000000870000005000000000000002150000000000000000000000000000
000000000000000099040000001000000000000007000000000000000000000000000000
000000000000000014300000005000000000000042450000000000000000000000000000
000000000000000004410000001000000000000006420000000000000000000000000000
000000000000000005080000002000000000000017560000000000000000000000000000
000000000000000006550000001000000000000005850000000000000000000000000000
000000000000000001090000001000000000000003500000000000000000000000000000
000000000000000000850000001000000000000002920000000000000000000000000000
000000000000000003190000001000000000000000780000000000000000000000000000
000000000000000003290000001000000000000000770000000000000000000000000000
000000000000000014540000001000000000000003460000000000000000000000000000
000000000000000014280000002000000000000009940000000000000000000000000000
000000000000000051580000002000000000000035940000000000000000000000000000
000000000000000051560000002000000000000021800000000000000000000000000000
000000000000000051520000010000000000000065200000000000000000000000000000
000000000000000017630000001000000000000124900000000000000000000000000000
000000000000052142940000025000000000000120500000000000000000000000000000
000000000000051045340000003000000000000025140000000000000000000000000000
000000000000051003840000002000000000000013360000000000000000000000000000
000000000000051044140000004000000000000016040000000000000000000000000000
000000000000055118110000001000000000000030970000000000000000000000000000
000000000000021032410000001000000000000023360000000000000000000000000000
000000000000041060140000001000000000000002670000000000000000000000000000
000000000000053143540000001000000000000007740000000000000000000000000000
000000000000054114300000002000000000000003660000000000000000000000000000
000000000000054008500000001000000000000001830000000000000000000000000000
000000000000054031900000001000000000000000480000000000000000000000000000
000000000000052049930000001000000000000003300000000000000000000000000000
000000000000052010930000001000000000000002190000000000000000000000000000
000000000000017166000000003000000000000021510000000000000000000000000000
000000000000004055620000002000000000000036000000000000000000000000000000
000000000000027173500000002000000000000002400000000000000000000000000000
000000000000044023200000002000000000000001380000000000000000000000000000
000000000000000005820000001000000000000012930000000000000000000000000000
000000000000000010110000001000000000000011610000000000000000000000000000
000000000000000006460000002000000000000006820000000000000000000000000000
000000000000000015850000001000000000000054750000000000000000000000000000
000000000000000099060000001000000000000010000000000000000000000000000000
000000000000010159320000001000000000000065370000000000000000000000000000
000000000000014215420000001000000000000030780000000000000000000000000000
000000000000010199420000001000000000000078500000000000000000000000000000
000000000000015158510000002000000000000068440000000000000000000000000000
000000000000000014240000001000000000000006530000000000000000000000000000
000000000000000017300000002000000000000007620000000000000000000000000000
000000000000000095560000001000000000000014400000000000000000000000000000
000000000000000090030000001000000000000039250000000000000000000000000000
000000000000000095950000001000000000000043200000000000000000000000000000
