000000000000000095970000002000000000000028800000000000000000000000000000
000000000000010199320000003000000000000235500000000000000000000000000000
000000000000001000620000001000000000000040890000000000000000000000000000
000000000000000010290000001000000000000036990000000000000000000000000000
000000000000000001270000004000000000000000720000000000000000000000000000
000000000000000096320000001000000000000028050000000000000000000000000000
000000000000000013570000002000000000000013740000000000000000000000000000
000000000000000002320000002000000000000002220000000000000000000000000000
000000000000000007600000003000000000000003330000000000000000000000000000
000000000000000001420000002000000000000018020000000000000000000000000000
000000000000064209100000007000000000000008260000000000000000000000000000
000000000000064208700000002000000000000004280000000000000000000000000000
000000000000062206130000021000000000000053760000000000000000000000000000
000000000000064207400000002000000000000000880000000000000000000000000000
000000000000064208900000014000000000000008260000000000000000000000000000
000000000000064208000000006000000000000006420000000000000000000000000000
000000000000064208100000002000000000000002140000000000000000000000000000
000000000000064207500000001000000000000000440000000000000000000000000000
000000000000062206630000002000000000000003980000000000000000000000000000
000000000000064208800000013000000000000007670000000000000000000000000000
000000000000064207800000014000000000000014980000000000000000000000000000
000000000000044027700000001000000000000000690000000000000000000000000000
000000000000061211130000002000000000000004160000000000000000000000000000
000000000000061211230000002000000000000005740000000000000000000000000000
000000000000064207600000006000000000000006420000000000000000000000000000
000000000000064208200000002000000000000004280000000000000000000000000000
000000000000064208600000001000000000000002140000000000000000000000000000
000000000000064208400000001000000000000002140000000000000000000000000000
000000000000064209000000002000000000000002360000000000000000000000000000
000000000000061205030000003000000000000005940000000000000000000000000000
000000000000061205130000003000000000000008190000000000000000000000000000
000000000000061205430000001000000000000006590000000000000000000000000000
000000000000062206330000002000000000000006000000000000000000000000000000
000000000000061209340000001000000000000003640000000000000000000000000000
000000000000504508480000001000000000000002290000000000000000000000000000
000000000000006215220000001000000000000049070000000000000000000000000000
000000000000063210040000002000000000000013120000000000000000000000000000
000000000000044076000000001000000000000000690000000000000000000000000000
000000000000041060140000001000000000000002670000000000000000000000000000
000000000000021032410000001000000000000023360000000000000000000000000000
000000000000002180520000003000000000000055500000000000000000000000000000
000000000000051120130000003000000000000011670000000000000000000000000000
000000000000000016080000001000000000000007770000000000000000000000000000
000000000000000090060000001000000000000032710000000000000000000000000000
000000000000000008670000001000000000000002220000000000000000000000000000
000000000000000013490000006000000000000028680000000000000000000000000000
000000000000000005600000002000000000000007720000000000000000000000000000
000000000000000021610000001000000000000008390000000000000000000000000000
000000000000042134940000003000000000000008970000000000000000000000000000
000000000000043136340000001000000000000005660000000000000000000000000000
000000000000042135340000001000000000000004460000000000000000000000000000
000000000000043135740000001000000000000004290000000000000000000000000000
000000000000083216000000002000000000000008460000000000000000000000000000
000000000000022192500000001000000000000007480000000000000000000000000000
000000000000064208300000002000000000000004280000000000000000000000000000
000000000000000095930000001000000000000052290000000000000000000000000000
000000000000000007710000003000000000000012570000000000000000000000000000
000000000000000000760000007000000000000013370000000000000000000000000000
000000000000000099030000003000000000000021000000000000000000000000000000
000000000000000018050000001000000000000029600000000000000000000000000000
000000000000020091710000001000000000000019980000000000000000000000000000
000000000000000000240000001000000000000007770000000000000000000000000000
000000000000000001370000001000000000000006860000000000000000000000000000
000000000000000095520000001000000000000028050000000000000000000000000000
000000000000000001170000002000000000000011900000000000000000000000000000
000000000000000000850000001000000000000002920000000000000000000000000000
000000000000000014270000003000000000000013530000000000000000000000000000
000000000000000017350000002000000000000003820000000000000000000000000000
000000000000000012220000001000000000000012880000000000000000000000000000
000000000000000017890000001000000000000008450000000000000000000000000000
000000000000000000220000001000000000000007770000000000000000000000000000
