000000000000000051190000002000000000000007840000000000000000000000000000
000000000000000051200000003000000000000011760000000000000000000000000000
000000000000000051210000001000000000000003920000000000000000000000000000
000000000000051033630000002000000000000004360000000000000000000000000000
000000000000051033830000003000000000000009000000000000000000000000000000
000000000000051044140000002000000000000008020000000000000000000000000000
000000000000051044240000003000000000000014490000000000000000000000000000
000000000000051044340000001000000000000004330000000000000000000000000000
000000000000051044940000001000000000000007830000000000000000000000000000
000000000000052142940000023000000000000110860000000000000000000000000000
000000000000054018300000001000000000000003650000000000000000000000000000
000000000000054031900000001000000000000000480000000000000000000000000000
000000000000054065500000001000000000000003650000000000000000000000000000
000000000000000095480000001000000000000032710000000000000000000000000000
000000000000000095560000001000000000000014400000000000000000000000000000
000000000000000000760000003000000000000005730000000000000000000000000000
000000000000000000770000003000000000000001020000000000000000000000000000
000000000000000000870000005000000000000002150000000000000000000000000000
000000000000000006520000001000000000000000740000000000000000000000000000
000000000000000002910000001000000000000000320000000000000000000000000000
000000000000000001740000001000000000000005760000000000000000000000000000
000000000000000099010000001000000000000007000000000000000000000000000000
000000000000000099080000001000000000000007000000000000000000000000000000
000000000000000001110000002000000000000020660000000000000000000000000000
000000000000000000100000001000000000000009540000000000000000000000000000
000000000000000090160000001000000000000017040000000000000000000000000000
000000000000002165820000002000000000000037000000000000000000000000000000
000000000000002180520000004000000000000074000000000000000000000000000000
000000000000008151120000001000000000000063750000000000000000000000000000
000000000000001054820000001000000000000040890000000000000000000000000000
000000000000015166220000001000000000000034220000000000000000000000000000
000000000000000095930000002000000000000104580000000000000000000000000000
000000000000004059720000001000000000000018000000000000000000000000000000
000000000000052143340000001000000000000008170000000000000000000000000000
000000000000083141900000005000000000000009050000000000000000000000000000
000000000000000090060000003000000000000098130000000000000000000000000000
000000000000000018050000001000000000000029600000000000000000000000000000
000000000000000051120000002000000000000038080000000000000000000000000000
000000000000000000280000030000000000000005400000000000000000000000000000
000000000000000005810000002000000000000025860000000000000000000000000000
000000000000000006470000001000000000000008280000000000000000000000000000
000000000000014215420000001000000000000030780000000000000000000000000000
000000000000000099050000001000000000000025000000000000000000000000000000
000000000000000095970000001000000000000014400000000000000000000000000000
000000000000000000020000001000000000000004070000000000000000000000000000
000000000000000003030000001000000000000009010000000000000000000000000000
000000000000000016050000001000000000000007770000000000000000000000000000
000000000000000000600000001000000000000007120000000000000000000000000000
000000000000000000210000001000000000000007770000000000000000000000000000
000000000000000017900000001000000000000008450000000000000000000000000000
