000000000000044136900000010000000000000006900000000000000000000000000000
000000000000000015700000001000000000000007770000000000000000000000000000
000000000000000095930000004000000000000209160000000000000000000000000000
000000000000000001700000001000000000000025720000000000000000000000000000
000000000000083145300000004000000000000007880000000000000000000000000000
000000000000083141900000003000000000000005430000000000000000000000000000
000000000000504508480000003000000000000006870000000000000000000000000000
000000000000000001950000001000000000000157710000000000000000000000000000
000000000000051044340000001000000000000004330000000000000000000000000000
000000000000051044140000002000000000000008020000000000000000000000000000
000000000000052093040000002000000000000008380000000000000000000000000000
000000000000054065500000001000000000000003650000000000000000000000000000
000000000000051033830000002000000000000006000000000000000000000000000000
000000000000051044240000001000000000000004830000000000000000000000000000
000000000000054018300000002000000000000007300000000000000000000000000000
000000000000052043730000002000000000000007040000000000000000000000000000
000000000000054031900000004000000000000001920000000000000000000000000000
000000000000083216000000003000000000000012690000000000000000000000000000
000000000000083216100000001000000000000005240000000000000000000000000000
000000000000052142940000005000000000000024100000000000000000000000000000
000000000000052143340000001000000000000008170000000000000000000000000000
000000000000000018050000001000000000000029600000000000000000000000000000
000000000000000095970000004000000000000057600000000000000000000000000000
000000000000000000760000003000000000000005730000000000000000000000000000
000000000000000000770000003000000000000001020000000000000000000000000000
000000000000000000220000005000000000000038850000000000000000000000000000
000000000000000001740000001000000000000005760000000000000000000000000000
000000000000000002910000003000000000000000960000000000000000000000000000
000000000000000006520000003000000000000002220000000000000000000000000000
000000000000000099010000003000000000000021000000000000000000000000000000
000000000000000003110000001000000000000086390000000000000000000000000000
000000000000000000230000001000000000000007770000000000000000000000000000
000000000000000017350000003000000000000005730000000000000000000000000000
000000000000000004330000001000000000000007770000000000000000000000000000
000000000000064208700000001000000000000002140000000000000000000000000000
000000000000064209100000002000000000000002360000000000000000000000000000
000000000000061205030000008000000000000015840000000000000000000000000000
000000000000061205130000002000000000000005460000000000000000000000000000
000000000000064207900000001000000000000001070000000000000000000000000000
000000000000064208800000005000000000000002950000000000000000000000000000
000000000000061212840000005000000000000019200000000000000000000000000000
000000000000064208100000001000000000000001070000000000000000000000000000
000000000000064208900000004000000000000002360000000000000000000000000000
000000000000064207600000003000000000000003210000000000000000000000000000
000000000000062206130000001000000000000002560000000000000000000000000000
000000000000062206330000004000000000000012000000000000000000000000000000
000000000000064207800000004000000000000004280000000000000000000000000000
000000000000064208200000001000000000000002140000000000000000000000000000
000000000000062209740000030000000000000131400000000000000000000000000000
000000000000010199210000002000000000000157000000000000000000000000000000
000000000000010199320000001000000000000078500000000000000000000000000000
000000000000051126640000001000000000000011930000000000000000000000000000
000000000000054126100000004000000000000032200000000000000000000000000000
000000000000051120130000004000000000000015560000000000000000000000000000
000000000000052153530000004000000000000030080000000000000000000000000000
000000000000054125900000002000000000000016100000000000000000000000000000
000000000000051120230000002000000000000010840000000000000000000000000000
000000000000054121900000004000000000000004920000000000000000000000000000
000000000000010199420000003000000000000235500000000000000000000000000000
000000000000027173500000001000000000000001200000000000000000000000000000
000000000000042134940000012000000000000035880000000000000000000000000000
000000000000041056040000002000000000000004840000000000000000000000000000
000000000000042135340000001000000000000004460000000000000000000000000000
000000000000022192900000001000000000000012590000000000000000000000000000
000000000000001054820000002000000000000081780000000000000000000000000000
000000000000002180720000001000000000000033380000000000000000000000000000
000000000000002162320000001000000000000018500000000000000000000000000000
000000000000043135740000003000000000000012870000000000000000000000000000
000000000000014215420000001000000000000030780000000000000000000000000000
000000000000002180520000006000000000000111000000000000000000000000000000
000000000000000002050000002000000000000102780000000000000000000000000000
000000000000000093120000001000000000000043200000000000000000000000000000
000000000000000000240000002000000000000015540000000000000000000000000000
000000000000044096800000020000000000000027800000000000000000000000000000
000000000000020089410000001000000000000019770000000000000000000000000000
000000000000000017900000001000000000000008450000000000000000000000000000
000000000000000000910000002000000000000000720000000000000000000000000000
000000000000044076000000002000000000000001380000000000000000000000000000
000000000000044023200000001000000000000000690000000000000000000000000000
000000000000000000020000001000000000000004070000000000000000000000000000
000000000000054008500000001000000000000001830000000000000000000000000000
000000000000000006460000001000000000000003410000000000000000000000000000
000000000000044078400000001000000000000000690000000000000000000000000000
