000000000000000095930000005000000000000261450000000000000000000000000000
000000000000034022900000040000000000000025200000000000000000000000000000
000000000000044084000000020000000000000013800000000000000000000000000000
000000000000000099060000001000000000000010000000000000000000000000000000
000000000000000008400000060000000000000066600000000000000000000000000000
000000000000000003190000005000000000000003850000000000000000000000000000
000000000000000003290000001000000000000000770000000000000000000000000000
000000000000000000220000012000000000000093240000000000000000000000000000
000000000000000006520000001000000000000000740000000000000000000000000000
000000000000000002910000001000000000000000320000000000000000000000000000
000000000000000015930000001000000000000104580000000000000000000000000000
000000000000000016070000001000000000000007770000000000000000000000000000
000000000000000010120000001000000000000007000000000000000000000000000000
000000000000000093120000001000000000000043200000000000000000000000000000
000000000000000014190000001000000000000002890000000000000000000000000000
000000000000000095560000001000000000000014400000000000000000000000000000
000000000000000093100000001000000000000014400000000000000000000000000000
000000000000000018050000001000000000000029600000000000000000000000000000
000000000000000004380000001000000000000010560000000000000000000000000000
000000000000000005090000001000000000000002920000000000000000000000000000
000000000000010199420000001000000000000078500000000000000000000000000000
000000000000001054820000002000000000000081780000000000000000000000000000
000000000000002180520000003000000000000055500000000000000000000000000000
000000000000004059720000001000000000000018000000000000000000000000000000
000000000000000095970000010000000000000144000000000000000000000000000000
000000000000000099940000001000000000000062790000000000000000000000000000
000000000000000099080000001000000000000007000000000000000000000000000000
000000000000000007710000001000000000000004190000000000000000000000000000
000000000000000000760000001000000000000001910000000000000000000000000000
000000000000000099030000001000000000000007000000000000000000000000000000
000000000000052142940000001000000000000004820000000000000000000000000000
000000000000052093040000001000000000000004190000000000000000000000000000
000000000000052050840000001000000000000005490000000000000000000000000000
000000000000000014530000001000000000000003150000000000000000000000000000
000000000000000000640000001000000000000004330000000000000000000000000000
000000000000000000240000001000000000000007770000000000000000000000000000
000000000000000004330000001000000000000007770000000000000000000000000000
000000000000000001370000001000000000000006860000000000000000000000000000
000000000000064208800000001000000000000000590000000000000000000000000000
000000000000064208300000001000000000000002140000000000000000000000000000
000000000000042134940000001000000000000002990000000000000000000000000000
