000000000000000090200000001000000000000017040000000000000000000000000000
000000000000000007070000001000000000000009540000000000000000000000000000
000000000000000007060000001000000000000002880000000000000000000000000000
000000000000000001110000001000000000000010330000000000000000000000000000
000000000000000099060000001000000000000010000000000000000000000000000000
000000000000000000760000006000000000000011460000000000000000000000000000
000000000000000000770000006000000000000002040000000000000000000000000000
000000000000000000220000009000000000000069930000000000000000000000000000
000000000000000002910000003000000000000000960000000000000000000000000000
000000000000000006520000003000000000000002220000000000000000000000000000
000000000000000099010000003000000000000021000000000000000000000000000000
000000000000000095930000001000000000000052290000000000000000000000000000
000000000000000015930000001000000000000104580000000000000000000000000000
000000000000000095480000003000000000000098130000000000000000000000000000
000000000000000093120000002000000000000086400000000000000000000000000000
000000000000001054820000002000000000000081780000000000000000000000000000
000000000000051044140000001000000000000004010000000000000000000000000000
000000000000034023100000001000000000000001260000000000000000000000000000
000000000000034022400000003000000000000001890000000000000000000000000000
000000000000020019520000001000000000000098570000000000000000000000000000
000000000000010199420000001000000000000078500000000000000000000000000000
000000000000002180520000002000000000000037000000000000000000000000000000
000000000000001054710000001000000000000040890000000000000000000000000000
000000000000017166000000001000000000000007170000000000000000000000000000
000000000000000010290000001000000000000036990000000000000000000000000000
000000000000000018980000001000000000000006460000000000000000000000000000
000000000000000002860000001000000000000005760000000000000000000000000000
000000000000000014240000002000000000000013060000000000000000000000000000
000000000000000007840000002000000000000002220000000000000000000000000000
000000000000000007600000001000000000000001110000000000000000000000000000
000000000000000008400000001000000000000001110000000000000000000000000000
000000000000000008670000001000000000000002220000000000000000000000000000
000000000000000002770000004000000000000004440000000000000000000000000000
000000000000000051230000008000000000000031520000000000000000000000000000
000000000000000016600000001000000000000011460000000000000000000000000000
000000000000000008760000002000000000000010920000000000000000000000000000
000000000000000005840000002000000000000025860000000000000000000000000000
000000000000000017350000001000000000000001910000000000000000000000000000
000000000000000000600000003000000000000021360000000000000000000000000000
000000000000054122500000001000000000000008050000000000000000000000000000
000000000000052121830000001000000000000003370000000000000000000000000000
000000000000000000870000008000000000000003440000000000000000000000000000
000000000000042134940000012000000000000035880000000000000000000000000000
000000000000041056040000006000000000000014520000000000000000000000000000
000000000000043135740000006000000000000025740000000000000000000000000000
000000000000000004330000003000000000000023310000000000000000000000000000
000000000000000001170000001000000000000005950000000000000000000000000000
000000000000000003810000001000000000000000200000000000000000000000000000
000000000000000000020000001000000000000004070000000000000000000000000000
000000000000061212840000001000000000000003840000000000000000000000000000
000000000000000000240000001000000000000007770000000000000000000000000000
000000000000064208300000001000000000000002140000000000000000000000000000
000000000000064209100000001000000000000001180000000000000000000000000000
000000000000000000290000010000000000000001800000000000000000000000000000
