000000000000000095480000002000000000000065420000000000000000000000000000
000000000000000002700000001000000000000015650000000000000000000000000000
000000000000000002910000002000000000000000640000000000000000000000000000
000000000000000006520000002000000000000001480000000000000000000000000000
000000000000000000760000009000000000000017190000000000000000000000000000
000000000000000000770000004000000000000001360000000000000000000000000000
000000000000000099010000001000000000000007000000000000000000000000000000
000000000000000095960000001000000000000014400000000000000000000000000000
000000000000000090060000001000000000000032710000000000000000000000000000
000000000000000095970000002000000000000028800000000000000000000000000000
000000000000000007710000002000000000000008380000000000000000000000000000
000000000000042135440000003000000000000014730000000000000000000000000000
000000000000042135340000013000000000000057980000000000000000000000000000
000000000000041056040000002000000000000004840000000000000000000000000000
000000000000044095300000001000000000000001390000000000000000000000000000
000000000000041060330000001000000000000003350000000000000000000000000000
000000000000041065130000001000000000000004680000000000000000000000000000
000000000000010199320000001000000000000078500000000000000000000000000000
000000000000064207800000013000000000000013910000000000000000000000000000
000000000000064208800000014000000000000008260000000000000000000000000000
000000000000062206130000013000000000000033280000000000000000000000000000
000000000000063210040000001000000000000006560000000000000000000000000000
000000000000061209340000002000000000000007280000000000000000000000000000
000000000000064207900000001000000000000001070000000000000000000000000000
000000000000061205030000001000000000000001980000000000000000000000000000
000000000000061205130000001000000000000002730000000000000000000000000000
000000000000014215420000001000000000000030780000000000000000000000000000
000000000000002180920000001000000000000024670000000000000000000000000000
000000000000034022400000004000000000000002520000000000000000000000000000
000000000000031024440000001000000000000002190000000000000000000000000000
000000000000032131440000003000000000000008130000000000000000000000000000
000000000000034022800000002000000000000001260000000000000000000000000000
000000000000032037440000001000000000000003190000000000000000000000000000
000000000000000095950000002000000000000086400000000000000000000000000000
000000000000000000930000001000000000000001440000000000000000000000000000
000000000000000000870000005000000000000002150000000000000000000000000000
000000000000000090030000003000000000000117750000000000000000000000000000
000000000000000093120000002000000000000086400000000000000000000000000000
000000000000000009570000001000000000000002220000000000000000000000000000
000000000000000005600000001000000000000003860000000000000000000000000000
000000000000000007600000002000000000000002220000000000000000000000000000
000000000000000050840000002000000000000007320000000000000000000000000000
000000000000015158510000003000000000000102660000000000000000000000000000
000000000000002180520000001000000000000018500000000000000000000000000000
000000000000000095560000001000000000000014400000000000000000000000000000
000000000000000004330000001000000000000007770000000000000000000000000000
000000000000000004310000001000000000000007770000000000000000000000000000
000000000000000010110000001000000000000011610000000000000000000000000000
000000000000000008700000001000000000000005850000000000000000000000000000
000000000000000000220000001000000000000007770000000000000000000000000000
