000000000000000000760000002000000000000003820000000000000000000000000000
000000000000000007710000002000000000000008380000000000000000000000000000
000000000000000000650000001000000000000001340000000000000000000000000000
000000000000000001630000001000000000000001850000000000000000000000000000
000000000000000099030000002000000000000014000000000000000000000000000000
000000000000000000240000001000000000000007770000000000000000000000000000
000000000000032219940000002000000000000006220000000000000000000000000000
000000000000083216000000001000000000000004230000000000000000000000000000
000000000000083216100000001000000000000005240000000000000000000000000000
000000000000000004330000003000000000000023310000000000000000000000000000
000000000000000095930000001000000000000052290000000000000000000000000000
000000000000002180520000004000000000000074000000000000000000000000000000
000000000000000005820000001000000000000012930000000000000000000000000000
000000000000001054820000002000000000000081780000000000000000000000000000
000000000000033220240000005000000000000025700000000000000000000000000000
000000000000032219840000005000000000000014100000000000000000000000000000
000000000000002180720000001000000000000033380000000000000000000000000000
000000000000041065640000001000000000000005380000000000000000000000000000
000000000000041056040000003000000000000007260000000000000000000000000000
000000000000042134940000001000000000000002990000000000000000000000000000
000000000000042135340000002000000000000008920000000000000000000000000000
000000000000005219220000001000000000000035060000000000000000000000000000
000000000000000095560000001000000000000014400000000000000000000000000000
000000000000000014350000002000000000000024760000000000000000000000000000
000000000000000014290000018000000000000138780000000000000000000000000000
000000000000000011430000002000000000000005840000000000000000000000000000
000000000000000011440000001000000000000005850000000000000000000000000000
000000000000000004410000006000000000000038520000000000000000000000000000
000000000000000005090000006000000000000017520000000000000000000000000000
000000000000000004530000001000000000000013410000000000000000000000000000
000000000000000005080000003000000000000026340000000000000000000000000000
000000000000000021610000003000000000000025170000000000000000000000000000
000000000000000095520000001000000000000028050000000000000000000000000000
000000000000000090060000001000000000000032710000000000000000000000000000
000000000000000017940000001000000000000029600000000000000000000000000000
