13|3258|C|1531|1|9999|PUBLICACAO DE ANUNCIOS||99|276,000||5,962300|5,962300|1645,60|1645,60|0,000000|0,00|1645,60|0,00|0,00|0,00|0,00|0,00|0,00|0,00|0,00|0,00|0,00|0,00|0,00|0,00|1645,60|0,00|0,00|1645,60|0,00|N|03/05/12|5949|||||
13|3259|C|100072|1|9999|PUBLICACAO DE ANUNCIOS||99|108,000||45,500000|23,148100|4914,00|2500,00|2414,000000|0,00|2500,00|0,00|0,00|0,00|0,00|0,00|0,00|0,00|0,00|0,00|0,00|0,00|0,00|0,00|2500,00|0,00|0,00|2500,00|0,00|N|06/05/12|5949|||||
13|3260|C|100000|1|9999|PUBLICACAO DE ANUNCIOS||99|1,000||166,670000|110,000000|110,00|110,00|56,670000|0,00|110,00|0,00|0,00|0,00|0,00|0,00|0,00|0,00|0,00|0,00|0,00|0,00|0,00|0,00|110,00|0,00|0,00|110,00|0,00|N|27/05/12 PARCELA 01/03|5949|||||
13|3261|C|100000|1|9999|PUBLICACAO DE ANUNCIOS||99|1,000||166,670000|110,000000|110,00|110,00|56,670000|0,00|110,00|0,00|0,00|0,00|0,00|0,00|0,00|0,00|0,00|0,00|0,00|0,00|0,00|0,00|110,00|0,00|0,00|110,00|0,00|N|27/05/12 PARCELA 02/03|5949|||||
13|3262|C|100000|1|9999|PUBLICACAO DE ANUNCIOS||99|1,000||166,670000|110,000000|110,00|110,00|56,670000|0,00|110,00|0,00|0,00|0,00|0,00|0,00|0,00|0,00|0,00|0,00|0,00|0,00|0,00|0,00|110,00|0,00|0,00|110,00|0,00|N|27/05/12 PARCELA 03/03|5949|||||
13|3263|C|99877|1|9999|PUBLICACAO DE ANUNCIOS||99|1,000||166,670000|120,000000|166,67|120,00|46,670000|0,00|120,00|0,00|0,00|0,00|0,00|0,00|0,00|0,00|0,00|0,00|0,00|0,00|0,00|0,00|120,00|0,00|0,00|120,00|0,00|N|27/05/12 PARCELA 01/03|5949|||||
13|3263|C|99877|2|9999|PUBLICACAO DE ANUNCIOS||99|1,000||166,670000|120,000000|166,67|120,00|46,670000|0,00|120,00|0,00|0,00|0,00|0,00|0,00|0,00|0,00|0,00|0,00|0,00|0,00|0,00|0,00|120,00|0,00|0,00|120,00|0,00|N|27/05/2012 PARCELA 01/03|5949|||||
13|3264|C|99877|1|9999|PUBLICACAO DE ANUNCIOS||99|1,000||166,670000|115,000000|166,67|115,00|51,670000|0,00|115,00|0,00|0,00|0,00|0,00|0,00|0,00|0,00|0,00|0,00|0,00|0,00|0,00|0,00|115,00|0,00|0,00|115,00|0,00|N|27/05/12 PARCELA 02/03|5949|||||
13|3264|C|99877|2|9999|PUBLICACAO DE ANUNCIOS||99|1,000||166,670000|115,000000|166,67|115,00|51,670000|0,00|115,00|0,00|0,00|0,00|0,00|0,00|0,00|0,00|0,00|0,00|0,00|0,00|0,00|0,00|115,00|0,00|0,00|115,00|0,00|N|27/05/2012 PARCELA 02/03|5949|||||
13|3265|C|99877|1|9999|PUBLICACAO DE ANUNCIOS||99|1,000||166,670000|115,000000|166,67|115,00|51,670000|0,00|115,00|0,00|0,00|0,00|0,00|0,00|0,00|0,00|0,00|0,00|0,00|0,00|0,00|0,00|115,00|0,00|0,00|115,00|0,00|N|27/05/12 PARCELA 03/03|5949|||||
13|3265|C|99877|2|9999|PUBLICACAO DE ANUNCIOS||99|1,000||166,670000|115,000000|166,67|115,00|51,670000|0,00|115,00|0,00|0,00|0,00|0,00|0,00|0,00|0,00|0,00|0,00|0,00|0,00|0,00|0,00|115,00|0,00|0,00|115,00|0,00|N|27/05/2012 PARCELA 03/03|5949|||||
13|3266|C|100000|1|9999|PUBLICACAO DE ANUNCIOS||99|1,000||166,670000|110,000000|166,67|110,00|56,670000|0,00|110,00|0,00|0,00|0,00|0,00|0,00|0,00|0,00|0,00|0,00|0,00|0,00|0,00|0,00|110,00|0,00|0,00|110,00|0,00|N|27/05/12 PARCELA 01/03|5949|||||
13|3266|C|100000|2|9999|PUBLICACAO DE ANUNCIOS||99|1,000||166,670000|110,000000|166,67|110,00|56,670000|0,00|110,00|0,00|0,00|0,00|0,00|0,00|0,00|0,00|0,00|0,00|0,00|0,00|0,00|0,00|110,00|0,00|0,00|110,00|0,00|N|27/05/2012 PARCELA 01/03|5949|||||
13|3267|C|100000|1|9999|PUBLICACAO DE ANUNCIOS||99|1,000||166,670000|110,000000|166,67|110,00|56,670000|0,00|110,00|0,00|0,00|0,00|0,00|0,00|0,00|0,00|0,00|0,00|0,00|0,00|0,00|0,00|110,00|0,00|0,00|110,00|0,00|N|27/05/12 PARCELA 02/03|5949|||||
13|3267|C|100000|2|9999|PUBLICACAO DE ANUNCIOS||99|1,000||166,670000|110,000000|166,67|110,00|56,670000|0,00|110,00|0,00|0,00|0,00|0,00|0,00|0,00|0,00|0,00|0,00|0,00|0,00|0,00|0,00|110,00|0,00|0,00|110,00|0,00|N|27/05/2012 PARCELA 02/03|5949|||||
13|3268|C|100000|1|9999|PUBLICACAO DE ANUNCIOS||99|1,000||166,670000|110,000000|166,67|110,00|56,670000|0,00|110,00|0,00|0,00|0,00|0,00|0,00|0,00|0,00|0,00|0,00|0,00|0,00|0,00|0,00|110,00|0,00|0,00|110,00|0,00|N|27/05/12 PARCELA 03/03|5949|||||
13|3268|C|100000|2|9999|PUBLICACAO DE ANUNCIOS||99|1,000||166,670000|110,000000|166,67|110,00|56,670000|0,00|110,00|0,00|0,00|0,00|0,00|0,00|0,00|0,00|0,00|0,00|0,00|0,00|0,00|0,00|110,00|0,00|0,00|110,00|0,00|N|27/05/2012 PARCELA 03/03|5949|||||
13|3269|C|499|1|9999|PUBLICACAO DE ANUNCIOS||99|280,000||13,928600|8,571400|3900,00|2400,00|1500,000000|0,00|2400,00|0,00|0,00|0,00|0,00|0,00|0,00|0,00|0,00|0,00|0,00|0,00|0,00|0,00|2400,00|0,00|0,00|2400,00|0,00|N|02, 05, 09, 12, 16, 19, 23, 26/04/2012 - P.I 2138|6949|||||
13|3270|C|93621|1|9999|PUBLICACAO DE ANUNCIOS||99|6,000||81,000000|24,300000|486,00|145,80|340,200000|0,00|145,80|0,00|0,00|0,00|0,00|0,00|0,00|0,00|0,00|0,00|0,00|0,00|0,00|0,00|145,80|0,00|0,00|145,80|0,00|N|08/05/2012|6949|||||
13|3271|C|97440|1|9999|PUBLICACAO DE ANUNCIOS||99|1,000||2183,330000|655,000000|2183,33|655,00|1528,330000|0,00|655,00|0,00|0,00|0,00|0,00|0,00|0,00|0,00|0,00|0,00|0,00|0,00|0,00|0,00|655,00|0,00|0,00|655,00|0,00|N|27/05/12 PARCELA 01/03|5949|||||
13|3272|C|97440|1|9999|PUBLICACAO DE ANUNCIOS||99|1,000||2183,330000|655,000000|2183,33|655,00|1528,330000|0,00|655,00|0,00|0,00|0,00|0,00|0,00|0,00|0,00|0,00|0,00|0,00|0,00|0,00|0,00|655,00|0,00|0,00|655,00|0,00|N|27/05/12 PARCELA 02/03|5949|||||
13|3273|C|97440|1|9999|PUBLICACAO DE ANUNCIOS||99|1,000||2183,330000|655,000000|2183,33|655,00|1528,330000|0,00|655,00|0,00|0,00|0,00|0,00|0,00|0,00|0,00|0,00|0,00|0,00|0,00|0,00|0,00|655,00|0,00|0,00|655,00|0,00|N|27/05/12 PARCELA 03/03|5949|||||
13|3274|C|36914|1|9999|PUBLICACAO DE ANUNCIOS||99|8,000||27,000000|27,000000|216,00|216,00|0,000000|0,00|216,00|0,00|0,00|0,00|0,00|0,00|0,00|0,00|0,00|0,00|0,00|0,00|0,00|0,00|216,00|0,00|0,00|216,00|0,00|N|27/04/2012|5949|||||
13|3276|C|100171|1|9999|PUBLICACAO DE ANUNCIOS||99|78,000||60,450000|23,012800|4715,10|1795,00|2920,100000|0,00|1795,00|0,00|0,00|0,00|0,00|0,00|0,00|0,00|0,00|0,00|0,00|0,00|0,00|0,00|1795,00|0,00|0,00|1795,00|0,00|N|09/05/2012|5949|||||
13|3276|C|100171|2|9999|PUBLICACAO DE ANUNCIOS||99|78,000||60,450000|23,012800|4715,10|1795,00|2920,100000|0,00|1795,00|0,00|0,00|0,00|0,00|0,00|0,00|0,00|0,00|0,00|0,00|0,00|0,00|0,00|1795,00|0,00|0,00|1795,00|0,00|N|12/05/2012|5949|||||
13|3276|C|100171|3|9999|PUBLICACAO DE ANUNCIOS||99|78,000||33,150000|17,379400|2585,70|1355,59|1230,110000|0,00|1355,59|0,00|0,00|0,00|0,00|0,00|0,00|0,00|0,00|0,00|0,00|0,00|0,00|0,00|1355,59|0,00|0,00|1355,59|0,00|N|10/05/2012|5949|||||
13|3276|C|100171|4|9999|PUBLICACAO DE ANUNCIOS||99|78,000||80,600000|21,135100|6286,80|1648,54|4638,260000|0,00|1648,54|0,00|0,00|0,00|0,00|0,00|0,00|0,00|0,00|0,00|0,00|0,00|0,00|0,00|1648,54|0,00|0,00|1648,54|0,00|N|06/05/2012|5949|||||
13|3276|C|100171|5|9999|PUBLICACAO DE ANUNCIOS||99|78,000||60,450000|21,135100|4715,10|1648,54|3066,560000|0,00|1648,54|0,00|0,00|0,00|0,00|0,00|0,00|0,00|0,00|0,00|0,00|0,00|0,00|0,00|1648,54|0,00|0,00|1648,54|0,00|N|08/05/2012|5949|||||
13|3276|C|100171|6|9999|PUBLICACAO DE ANUNCIOS||99|78,000||60,450000|21,135100|4715,10|1648,54|3066,560000|0,00|1648,54|0,00|0,00|0,00|0,00|0,00|0,00|0,00|0,00|0,00|0,00|0,00|0,00|0,00|1648,54|0,00|0,00|1648,54|0,00|N|05/05/2012|5949|||||
13|3277|C|80284|1|9999|PUBLICACAO DE ANUNCIOS||99|60,000||46,200000|36,960000|2772,00|2217,60|0,000000|554,40|2217,60|0,00|0,00|0,00|0,00|0,00|0,00|0,00|0,00|0,00|0,00|0,00|0,00|0,00|2217,60|0,00|0,00|2217,60|0,00|N|23/04/2012 P.I n. 01419|5949|||||
13|3278|C|80284|1|9999|PUBLICACAO DE ANUNCIOS||99|60,000||46,200000|36,960000|2772,00|2217,60|0,000000|554,40|2217,60|0,00|0,00|0,00|0,00|0,00|0,00|0,00|0,00|0,00|0,00|0,00|0,00|0,00|2217,60|0,00|0,00|2217,60|0,00|N|23/04/2012 P.I n. 014419|5949|||||
13|3279|C|80284|1|9999|PUBLICACAO DE ANUNCIOS||99|60,000||54,000000|43,200000|3240,00|2592,00|0,000000|648,00|2592,00|0,00|0,00|0,00|0,00|0,00|0,00|0,00|0,00|0,00|0,00|0,00|0,00|0,00|2592,00|0,00|0,00|2592,00|0,00|N|22, 24, 26/04/12 P.I. 014418|5949|||||
13|3280|C|80284|1|9999|PUBLICACAO DE ANUNCIOS||99|60,000||46,200000|36,960000|2772,00|2217,60|0,000000|554,40|2217,60|0,00|0,00|0,00|0,00|0,00|0,00|0,00|0,00|0,00|0,00|0,00|0,00|0,00|2217,60|0,00|0,00|2217,60|0,00|N|23/04/2012 - P.I n. 014419|5949|||||
13|3281|C|827|1|9999|PUBLICACAO DE ANUNCIOS||99|29,000||615,600000|152,199700|17852,40|4413,79|12335,160000|1103,45|4413,79|0,00|0,00|0,00|0,00|0,00|0,00|0,00|0,00|0,00|0,00|0,00|0,00|0,00|4413,79|0,00|0,00|4413,79|0,00|N|06/05/2012 P.I. 544.595|5949|||||
13|3282|C|43053|1|9999|PUBLICACAO DE ANUNCIOS||99|20,000||204,500000|122,400000|4090,00|2448,00|1030,000000|612,00|2448,00|0,00|0,00|0,00|0,00|0,00|0,00|0,00|0,00|0,00|0,00|0,00|0,00|0,00|2448,00|0,00|0,00|2448,00|0,00|N|04/05/2012 P.I. 252.646|5949|||||
13|3283|C|29661|1|9999|PUBLICACAO DE ANUNCIOS||99|6,000||54,000000|43,200000|324,00|259,20|0,000000|64,80|259,20|0,00|0,00|0,00|0,00|0,00|0,00|0,00|0,00|0,00|0,00|0,00|0,00|0,00|259,20|0,00|0,00|259,20|0,00|N|01, 04/05/2012 P.I. 118.620|5949|||||
13|3284|C|91361|1|9999|PUBLICACAO DE ANUNCIOS||99|312,000||98,800000|25,116000|30825,60|7836,19|21030,360000|1959,05|7836,19|0,00|0,00|0,00|0,00|0,00|0,00|0,00|0,00|0,00|0,00|0,00|0,00|0,00|7836,19|0,00|0,00|7836,19|0,00|N|05/05/2012 P.I. 79.760|5949|||||
13|3285|C|62555|1|9999|PUBLICACAO DE ANUNCIOS||99|78,000||66,300000|31,096000|5171,40|2425,49|2139,540000|606,37|2425,49|0,00|0,00|0,00|0,00|0,00|0,00|0,00|0,00|0,00|0,00|0,00|0,00|0,00|2425,49|0,00|0,00|2425,49|0,00|N|03, 10/05/2012 P.I. 003847|5949|||||
13|3286|C|24500|1|9999|PUBLICACAO DE ANUNCIOS||99|20,000||615,600000|274,802500|12312,00|5496,05|5441,940000|1374,01|5496,05|0,00|0,00|0,00|0,00|0,00|0,00|0,00|0,00|0,00|0,00|0,00|0,00|0,00|5496,05|0,00|0,00|5496,05|0,00|N|04/05/2012 P.I. 124409|5949|||||
13|3287|C|24500|1|9999|PUBLICACAO DE ANUNCIOS||99|16,000||615,600000|124,740000|9849,60|1995,84|7354,800000|498,96|1995,84|0,00|0,00|0,00|0,00|0,00|0,00|0,00|0,00|0,00|0,00|0,00|0,00|0,00|1995,84|0,00|0,00|1995,84|0,00|N|04/05/2012 P.I. 124511|5949|||||
13|3288|C|99893|1|9999|PUBLICACAO DE ANUNCIOS||99|1,000||1083,330000|650,000000|1083,33|650,00|433,330000|0,00|650,00|0,00|0,00|0,00|0,00|0,00|0,00|0,00|0,00|0,00|0,00|0,00|0,00|0,00|650,00|0,00|0,00|650,00|0,00|N|27/05/12 PARCELA 01/03|5949|||||
13|3289|C|99893|1|9999|PUBLICACAO DE ANUNCIOS||99|1,000||1083,330000|650,000000|1083,33|650,00|433,330000|0,00|650,00|0,00|0,00|0,00|0,00|0,00|0,00|0,00|0,00|0,00|0,00|0,00|0,00|0,00|650,00|0,00|0,00|650,00|0,00|N|27/05/12 PARCELA 02/03|5949|||||
13|3290|C|99893|1|9999|PUBLICACAO DE ANUNCIOS||99|1,000||1083,330000|650,000000|1083,33|650,00|433,330000|0,00|650,00|0,00|0,00|0,00|0,00|0,00|0,00|0,00|0,00|0,00|0,00|0,00|0,00|0,00|650,00|0,00|0,00|650,00|0,00|N|27/05/12 PARCELA 03/03|5949|||||
13|3291|C|35016|1|9999|PUBLICACAO DE ANUNCIOS||99|1,000||250,000000|162,500000|250,00|162,50|87,500000|0,00|162,50|0,00|0,00|0,00|0,00|0,00|0,00|0,00|0,00|0,00|0,00|0,00|0,00|0,00|162,50|0,00|0,00|162,50|0,00|N|27/05/12 PARCELA 01/02|5949|||||
13|3291|C|35016|2|9999|PUBLICACAO DE ANUNCIOS||99|1,000||250,000000|162,500000|250,00|162,50|87,500000|0,00|162,50|0,00|0,00|0,00|0,00|0,00|0,00|0,00|0,00|0,00|0,00|0,00|0,00|0,00|162,50|0,00|0,00|162,50|0,00|N|27/05/2012  PARCELA 01/02|5949|||||
13|3292|C|35016|1|9999|PUBLICACAO DE ANUNCIOS||99|1,000||250,000000|162,500000|250,00|162,50|87,500000|0,00|162,50|0,00|0,00|0,00|0,00|0,00|0,00|0,00|0,00|0,00|0,00|0,00|0,00|0,00|162,50|0,00|0,00|162,50|0,00|N|27/05/12  PARCELA 02/02|5949|||||
13|3292|C|35016|2|9999|PUBLICACAO DE ANUNCIOS||99|1,000||250,000000|162,500000|250,00|162,50|87,500000|0,00|162,50|0,00|0,00|0,00|0,00|0,00|0,00|0,00|0,00|0,00|0,00|0,00|0,00|0,00|162,50|0,00|0,00|162,50|0,00|N|27/05/12  PARCELA 02/02|5949|||||
13|3293|C|27049|1|9999|PUBLICACAO DE ANUNCIOS||99|1,000||1083,330000|617,500000|1083,33|617,50|465,830000|0,00|617,50|0,00|0,00|0,00|0,00|0,00|0,00|0,00|0,00|0,00|0,00|0,00|0,00|0,00|617,50|0,00|0,00|617,50|0,00|N|27/05/12 PARCELA 01/03|5949|||||
13|3294|C|27049|1|9999|PUBLICACAO DE ANUNCIOS||99|1,000||1083,330000|617,500000|1083,33|617,50|465,830000|0,00|617,50|0,00|0,00|0,00|0,00|0,00|0,00|0,00|0,00|0,00|0,00|0,00|0,00|0,00|617,50|0,00|0,00|617,50|0,00|N|27/05/12 PARCELA 02/03|5949|||||
13|3295|C|27049|1|9999|PUBLICACAO DE ANUNCIOS||99|1,000||1083,330000|617,500000|1083,33|617,50|465,830000|0,00|617,50|0,00|0,00|0,00|0,00|0,00|0,00|0,00|0,00|0,00|0,00|0,00|0,00|0,00|617,50|0,00|0,00|617,50|0,00|N|27/05/12 PARCELA 03/03|5949|||||
13|3296|C|100072|1|9999|PUBLICACAO DE ANUNCIOS||99|1,000||766,670000|383,340000|766,67|383,34|383,330000|0,00|383,34|0,00|0,00|0,00|0,00|0,00|0,00|0,00|0,00|0,00|0,00|0,00|0,00|0,00|383,34|0,00|0,00|383,34|0,00|N|27/05/12 PARCELA 01/03|5949|||||
13|3297|C|100072|1|9999|PUBLICACAO DE ANUNCIOS||99|1,000||766,670000|383,340000|766,67|383,34|383,330000|0,00|383,34|0,00|0,00|0,00|0,00|0,00|0,00|0,00|0,00|0,00|0,00|0,00|0,00|0,00|383,34|0,00|0,00|383,34|0,00|N|27/05/12 PARCELA 02/03|5949|||||
13|3298|C|100072|1|9999|PUBLICACAO DE ANUNCIOS||99|1,000||766,670000|383,340000|766,67|383,34|383,330000|0,00|383,34|0,00|0,00|0,00|0,00|0,00|0,00|0,00|0,00|0,00|0,00|0,00|0,00|0,00|383,34|0,00|0,00|383,34|0,00|N|27/05/12 PARCELA 03/03|5949|||||
13|3299|C|37223|1|9999|PUBLICACAO DE ANUNCIOS||99|5,000||432,000000|345,600000|2160,00|1728,00|0,000000|432,00|1728,00|0,00|0,00|0,00|0,00|0,00|0,00|0,00|0,00|0,00|0,00|0,00|0,00|0,00|1728,00|0,00|0,00|1728,00|0,00|N|21,22,24,26,27,28,29/04/12,  01,03,04,05,06,08,10,11,13,15,17,18,19/05/12 P.I. 014433/014434|6949|||||
13|3300|C|70232|1|9999|PUBLICACAO DE ANUNCIOS||99|3,000||166,666700|66,666700|500,00|200,00|300,000000|0,00|200,00|0,00|0,00|0,00|0,00|0,00|0,00|0,00|0,00|0,00|0,00|0,00|0,00|0,00|200,00|0,00|0,00|200,00|0,00|N|27/05/12|5949|||||
13|3301|C|70232|1|9999|PUBLICACAO DE ANUNCIOS||99|1,000||500,000000|200,000000|500,00|200,00|300,000000|0,00|200,00|0,00|0,00|0,00|0,00|0,00|0,00|0,00|0,00|0,00|0,00|0,00|0,00|0,00|200,00|0,00|0,00|200,00|0,00|N|27/05/12|5949|||||
13|3302|C|70232|1|9999|PUBLICACAO DE ANUNCIOS||99|1,000||500,000000|200,000000|500,00|200,00|300,000000|0,00|200,00|0,00|0,00|0,00|0,00|0,00|0,00|0,00|0,00|0,00|0,00|0,00|0,00|0,00|200,00|0,00|0,00|200,00|0,00|N|27/05/12|5949|||||
13|3303|C|70154|1|9999|PUBLICACAO DE ANUNCIOS||99|136,000||14,338200|11,470600|1950,00|1560,00|0,000000|390,00|1560,00|0,00|0,00|0,00|0,00|0,00|0,00|0,00|0,00|0,00|0,00|0,00|0,00|0,00|1560,00|0,00|0,00|1560,00|0,00|N|07, 10, 14, 17, 21, 24, 28, 31/05/2012|6949|||||
13|3304|C|1708|1|9999|PUBLICACAO DE ANUNCIOS||99|232,000||2,155200|2,155200|500,00|500,00|0,000000|0,00|500,00|0,00|0,00|0,00|0,00|0,00|0,00|0,00|0,00|0,00|0,00|0,00|0,00|0,00|500,00|0,00|0,00|500,00|0,00|N|03,07,10,14,17,21,24,28,31/05/2012 - Parcela 1/2|6949|||||
13|3305|C|1708|1|9999|PUBLICACAO DE ANUNCIOS||99|232,000||2,155200|2,155200|500,00|500,00|0,000000|0,00|500,00|0,00|0,00|0,00|0,00|0,00|0,00|0,00|0,00|0,00|0,00|0,00|0,00|0,00|500,00|0,00|0,00|500,00|0,00|N|03,07,10,14,17,21,24,28,31/05/2012 - Parcela 2/2|5949|||||
13|3306|C|65650|1|9999|PUBLICACAO DE ANUNCIOS||99|144,000||31,230000|3,472200|4497,12|500,00|3997,120000|0,00|500,00|0,00|0,00|0,00|0,00|0,00|0,00|0,00|0,00|0,00|0,00|0,00|0,00|0,00|500,00|0,00|0,00|500,00|0,00|N|03, 07, 10, 14, 17, 21, 24, 28, 31/05/2012|6949|||||
13|3307|C|88389|1|9999|PUBLICACAO DE ANUNCIOS||99|144,000||17,350000|4,166700|2498,40|600,00|1898,400000|0,00|600,00|0,00|0,00|0,00|0,00|0,00|0,00|0,00|0,00|0,00|0,00|0,00|0,00|0,00|600,00|0,00|0,00|600,00|0,00|N|03,07,10,14,17,21,24,28,31/05/2012|6949|||||
13|3308|C|85759|1|9999|PUBLICACAO DE ANUNCIOS||99|144,000||17,350000|4,166700|2498,40|600,00|1898,400000|0,00|600,00|0,00|0,00|0,00|0,00|0,00|0,00|0,00|0,00|0,00|0,00|0,00|0,00|0,00|600,00|0,00|0,00|600,00|0,00|N|03,07,10,14,17,21,24,28, 31/05/2012|6949|||||
13|3309|C|92496|1|9999|PUBLICACAO DE ANUNCIOS||99|144,000||17,350000|4,166700|2498,40|600,00|1898,400000|0,00|600,00|0,00|0,00|0,00|0,00|0,00|0,00|0,00|0,00|0,00|0,00|0,00|0,00|0,00|600,00|0,00|0,00|600,00|0,00|N|03,07,10,14,17,21,24,28,31/05/2012|6949|||||
13|3310|C|81149|1|9999|PUBLICACAO DE ANUNCIOS||99|144,000||31,230000|3,125000|4497,12|450,00|4047,120000|0,00|450,00|0,00|0,00|0,00|0,00|0,00|0,00|0,00|0,00|0,00|0,00|0,00|0,00|0,00|450,00|0,00|0,00|450,00|0,00|N|03, 06, 10, 13, 17, 20, 24, 27, 31/05/2012|6949|||||
13|3311|C|93559|1|9999|PUBLICACAO DE ANUNCIOS||99|144,000||27,760000|2,777800|3997,44|400,00|3597,440000|0,00|400,00|0,00|0,00|0,00|0,00|0,00|0,00|0,00|0,00|0,00|0,00|0,00|0,00|0,00|400,00|0,00|0,00|400,00|0,00|N|07,10,14,17,21,24,28,31/05/2012|6949|||||
13|3312|C|93568|1|9999|PUBLICACAO DE ANUNCIOS||99|144,000||13,880000|3,819400|1998,72|550,00|1448,720000|0,00|550,00|0,00|0,00|0,00|0,00|0,00|0,00|0,00|0,00|0,00|0,00|0,00|0,00|0,00|550,00|0,00|0,00|550,00|0,00|N|07,10,14,17,21,24,28,31/05/2012|6949|||||
13|3313|C|93530|1|9999|PUBLICACAO DE ANUNCIOS||99|144,000||27,760000|2,777800|3997,44|400,00|3597,440000|0,00|400,00|0,00|0,00|0,00|0,00|0,00|0,00|0,00|0,00|0,00|0,00|0,00|0,00|0,00|400,00|0,00|0,00|400,00|0,00|N|07,10,14,17,21,24,28,31/05/2012|6949|||||
13|3314|C|80969|1|9999|PUBLICACAO DE ANUNCIOS||99|144,000||27,760000|2,083300|3997,44|300,00|3697,440000|0,00|300,00|0,00|0,00|0,00|0,00|0,00|0,00|0,00|0,00|0,00|0,00|0,00|0,00|0,00|300,00|0,00|0,00|300,00|0,00|N|06,10,13,17,20,24,27,31/05/2012|6949|||||
13|3315|C|93614|1|9999|PUBLICACAO DE ANUNCIOS||99|144,000||27,760000|3,472200|3997,44|500,00|3497,440000|0,00|500,00|0,00|0,00|0,00|0,00|0,00|0,00|0,00|0,00|0,00|0,00|0,00|0,00|0,00|500,00|0,00|0,00|500,00|0,00|N|07, 10, 14, 17, 21, 24, 28, 31/05/2012|6949|||||
13|3316|C|499|1|9999|PUBLICACAO DE ANUNCIOS||99|280,000||8,571400|8,571400|2400,00|2400,00|0,000000|0,00|2400,00|0,00|0,00|0,00|0,00|0,00|0,00|0,00|0,00|0,00|0,00|0,00|0,00|0,00|2400,00|0,00|0,00|2400,00|0,00|N|07, 10, 14, 17, 21, 24, 28, 31/05/2012 - P.I 2185|6949|||||
13|3317|C|93308|1|9999|PUBLICACAO DE ANUNCIOS||99|30,000||348,400000|11,666700|10452,00|350,00|10102,000000|0,00|350,00|0,00|0,00|0,00|0,00|0,00|0,00|0,00|0,00|0,00|0,00|0,00|0,00|0,00|350,00|0,00|0,00|350,00|0,00|N|07,10,14,17,21,24,28,31/05/2012|6949|||||
13|3318|C|93445|1|9999|PUBLICACAO DE ANUNCIOS||99|280,000||55,680000|5,357100|15590,40|1500,00|14090,400000|0,00|1500,00|0,00|0,00|0,00|0,00|0,00|0,00|0,00|0,00|0,00|0,00|0,00|0,00|0,00|1500,00|0,00|0,00|1500,00|0,00|N|07, 10, 14, 17, 21, 24, 28, 31/05/2012 - P.I 0047|6949|||||
13|3319|C|93297|1|9999|PUBLICACAO DE ANUNCIOS||99|280,000||62,640000|4,642900|17539,20|1300,00|16239,200000|0,00|1300,00|0,00|0,00|0,00|0,00|0,00|0,00|0,00|0,00|0,00|0,00|0,00|0,00|0,00|1300,00|0,00|0,00|1300,00|0,00|N|03, 07, 10, 14, 17, 21, 24, 28, 31/05/2012|6949|||||
13|3320|C|8983|1|9999|PUBLICACAO DE ANUNCIOS||99|175,000||387,400000|6,857100|67795,00|1200,00|66595,000000|0,00|1200,00|0,00|0,00|0,00|0,00|0,00|0,00|0,00|0,00|0,00|0,00|0,00|0,00|0,00|1200,00|0,00|0,00|1200,00|0,00|N|03, 07, 10, 14, 17, 21, 24, 28, 31/05/2012|6949|||||
13|3320|C|8983|2|9999|PUBLICACAO DE ANUNCIOS||99|30,000||816,650000|10,000000|24499,50|300,00|24199,500000|0,00|300,00|0,00|0,00|0,00|0,00|0,00|0,00|0,00|0,00|0,00|0,00|0,00|0,00|0,00|300,00|0,00|0,00|300,00|0,00|N|03, 07, 10, 14, 17, 21, 24, 28, 31/05/2012|6949|||||
13|3321|C|28244|1|9999|PUBLICACAO DE ANUNCIOS||99|60,000||448,500000|80,583300|26910,00|4835,00|22075,000000|0,00|4835,00|0,00|0,00|0,00|0,00|0,00|0,00|0,00|0,00|0,00|0,00|0,00|0,00|0,00|4835,00|0,00|0,00|4835,00|0,00|N|02, 03, 07, 10, 14, 17, 21, 24, 28, 31/05/2012 P.I 019-12|6949|||||
13|3322|C|488|1|9999|PUBLICACAO DE ANUNCIOS||99|90,000||47,777800|38,222200|4300,00|3440,00|0,000000|860,00|3440,00|0,00|0,00|0,00|0,00|0,00|0,00|0,00|0,00|0,00|0,00|0,00|0,00|0,00|3440,00|0,00|0,00|3440,00|0,00|N|03, 07, 10, 14/05/2012 - P.I n. 612/12|6949|||||
13|3323|C|18477|1|9999|PUBLICACAO DE ANUNCIOS||99|54,000||39,000000|3,900000|2106,00|210,60|1895,400000|0,00|210,60|0,00|0,00|0,00|0,00|0,00|0,00|0,00|0,00|0,00|0,00|0,00|0,00|0,00|210,60|0,00|0,00|210,60|0,00|N|05/05/2012|6949|||||
13|3323|C|18477|2|9999|PUBLICACAO DE ANUNCIOS||99|90,000||39,000000|3,900000|3510,00|351,00|3159,000000|0,00|351,00|0,00|0,00|0,00|0,00|0,00|0,00|0,00|0,00|0,00|0,00|0,00|0,00|0,00|351,00|0,00|0,00|351,00|0,00|N|04/05/2012|6949|||||
13|3324|C|18477|1|9999|PUBLICACAO DE ANUNCIOS||99|54,000||39,000000|3,900000|2106,00|210,60|1895,400000|0,00|210,60|0,00|0,00|0,00|0,00|0,00|0,00|0,00|0,00|0,00|0,00|0,00|0,00|0,00|210,60|0,00|0,00|210,60|0,00|N|12/05/2012|6949|||||
13|3324|C|18477|2|9999|PUBLICACAO DE ANUNCIOS||99|90,000||39,000000|3,900000|3510,00|351,00|3159,000000|0,00|351,00|0,00|0,00|0,00|0,00|0,00|0,00|0,00|0,00|0,00|0,00|0,00|0,00|0,00|351,00|0,00|0,00|351,00|0,00|N|12/05/2012|6949|||||
13|3324|C|18477|3|9999|PUBLICACAO DE ANUNCIOS||99|90,000||39,000000|3,900000|3510,00|351,00|3159,000000|0,00|351,00|0,00|0,00|0,00|0,00|0,00|0,00|0,00|0,00|0,00|0,00|0,00|0,00|0,00|351,00|0,00|0,00|351,00|0,00|N|14/05/2012|6949|||||
13|3325|C|27120|1|9999|PUBLICACAO DE ANUNCIOS||99|72,000||44,400000|4,861100|3196,80|350,00|2846,800000|0,00|350,00|0,00|0,00|0,00|0,00|0,00|0,00|0,00|0,00|0,00|0,00|0,00|0,00|0,00|350,00|0,00|0,00|350,00|0,00|N|14, 17, 21, 24, 28, 31, 04, 07/06/2012|6949|||||
13|3326|C|18737|1|9999|PUBLICACAO DE ANUNCIOS||99|90,000||403,650000|66,666700|36328,50|6000,00|28828,500000|1500,00|6000,00|0,00|0,00|0,00|0,00|0,00|0,00|0,00|0,00|0,00|0,00|0,00|0,00|0,00|6000,00|0,00|0,00|6000,00|0,00|N|04, 07, 10, 14, 17, 21, 24, 28, 31/05/2012 - P.I n. 639/12|6949|||||
13|3327|C|80284|1|9999|PUBLICACAO DE ANUNCIOS||99|60,000||46,200000|36,960000|2772,00|2217,60|0,000000|554,40|2217,60|0,00|0,00|0,00|0,00|0,00|0,00|0,00|0,00|0,00|0,00|0,00|0,00|0,00|2217,60|0,00|0,00|2217,60|0,00|N|07/05/2012 - P.I n. 014672|5949|||||
13|3328|C|747|1|9999|PUBLICACAO DE ANUNCIOS||99|110,000||160,000000|21,960000|17600,00|2415,60|14580,500000|603,90|2415,60|0,00|0,00|0,00|0,00|0,00|0,00|0,00|0,00|0,00|0,00|0,00|0,00|0,00|2415,60|0,00|0,00|2415,60|0,00|N|01, 03, 08, 10, 15, 17, 22, 24, 29, 31/05/2012|5949|||||
13|3328|C|747|2|9999|PUBLICACAO DE ANUNCIOS||99|230,000||82,000000|13,120000|18860,00|3017,60|15088,000000|754,40|3017,60|0,00|0,00|0,00|0,00|0,00|0,00|0,00|0,00|0,00|0,00|0,00|0,00|0,00|3017,60|0,00|0,00|3017,60|0,00|N|06, 13, 20, 27/05/2012|5949|||||
13|3329|C|1009|1|9999|PUBLICACAO DE ANUNCIOS||99|80,000||14,490600|11,592500|1159,25|927,40|0,000000|231,85|927,40|0,00|0,00|0,00|0,00|0,00|0,00|0,00|0,00|0,00|0,00|0,00|0,00|0,00|927,40|0,00|0,00|927,40|0,00|N|03, 10, 17, 24, 31/05/12|5949|||||
13|3329|C|1009|2|9999|PUBLICACAO DE ANUNCIOS||99|140,000||8,280400|6,624300|1159,25|927,40|0,000000|231,85|927,40|0,00|0,00|0,00|0,00|0,00|0,00|0,00|0,00|0,00|0,00|0,00|0,00|0,00|927,40|0,00|0,00|927,40|0,00|N|06, 13, 20, 27/05/2012|5949|||||
13|3330|C|913|1|9999|PUBLICACAO DE ANUNCIOS||99|36,000||55,875000|44,700000|2011,50|1609,20|0,000000|402,30|1609,20|0,00|0,00|0,00|0,00|0,00|0,00|0,00|0,00|0,00|0,00|0,00|0,00|0,00|1609,20|0,00|0,00|1609,20|0,00|N|03, 04, 05, 06, 08, 10, 11, 12, 13, 15, 17, 18, 19, 20, 22, 24, 25, 26, 27, 29, 31/05/12|5949|||||
13|3331|C|867|1|9999|PUBLICACAO DE ANUNCIOS||99|64,000||23,737500|18,990000|1519,20|1215,36|0,000000|303,84|1215,36|0,00|0,00|0,00|0,00|0,00|0,00|0,00|0,00|0,00|0,00|0,00|0,00|0,00|1215,36|0,00|0,00|1215,36|0,00|N|03, 06, 10, 13, 17, 20, 24, 27, 31/05/2012|5949|||||
13|3332|C|919|1|9999|PUBLICACAO DE ANUNCIOS||99|36,000||65,000000|44,700000|2340,00|1609,20|328,500000|402,30|1609,20|0,00|0,00|0,00|0,00|0,00|0,00|0,00|0,00|0,00|0,00|0,00|0,00|0,00|1609,20|0,00|0,00|1609,20|0,00|N|03, 05, 08, 10, 12, 15, 17, 19, 22, 24, 26, 29, 31/05/12|5949|||||
13|3333|C|1323|1|9999|PUBLICACAO DE ANUNCIOS||99|120,000||42,000000|16,800000|5040,00|2016,00|2520,000000|504,00|2016,00|0,00|0,00|0,00|0,00|0,00|0,00|0,00|0,00|0,00|0,00|0,00|0,00|0,00|2016,00|0,00|0,00|2016,00|0,00|N|03, 08, 10, 15, 17, 24, 31/05/12|5949|||||
13|3333|C|1323|2|9999|PUBLICACAO DE ANUNCIOS||99|156,000||38,220000|18,717900|5962,32|2920,00|2312,320000|730,00|2920,00|0,00|0,00|0,00|0,00|0,00|0,00|0,00|0,00|0,00|0,00|0,00|0,00|0,00|2920,00|0,00|0,00|2920,00|0,00|N|06, 13, 20, 27/05/2012|5949|||||
13|3334|C|1089|1|9999|PUBLICACAO DE ANUNCIOS||99|152,000||33,663200|26,930500|5116,80|4093,44|0,000000|1023,36|4093,44|0,00|0,00|0,00|0,00|0,00|0,00|0,00|0,00|0,00|0,00|0,00|0,00|0,00|4093,44|0,00|0,00|4093,44|0,00|N|06, 13, 20, 27/05/12|5949|||||
13|3335|C|71571|1|9999|PUBLICACAO DE ANUNCIOS||99|54,000||65,000000|38,826700|3510,00|2096,64|889,200000|524,16|2096,64|0,00|0,00|0,00|0,00|0,00|0,00|0,00|0,00|0,00|0,00|0,00|0,00|0,00|2096,64|0,00|0,00|2096,64|0,00|N|03, 05, 08, 10, 12, 15, 17, 19, 22, 24, 26, 29, 31/05/12|5949|||||
13|3336|C|95553|1|9999|PUBLICACAO DE ANUNCIOS||99|1,000||537,500000|268,750000|537,50|268,75|268,750000|0,00|268,75|0,00|0,00|0,00|0,00|0,00|0,00|0,00|0,00|0,00|0,00|0,00|0,00|0,00|268,75|0,00|0,00|268,75|0,00|N|27/05/12 PARCELA 01/04|5949|||||
13|3337|C|95553|1|9999|PUBLICACAO DE ANUNCIOS||99|1,000||537,500000|268,750000|537,50|268,75|268,750000|0,00|268,75|0,00|0,00|0,00|0,00|0,00|0,00|0,00|0,00|0,00|0,00|0,00|0,00|0,00|268,75|0,00|0,00|268,75|0,00|N|27/05/12 PARCELA 02/04|5949|||||
13|3338|C|95553|1|9999|PUBLICACAO DE ANUNCIOS||99|1,000||537,500000|268,750000|537,50|268,75|268,750000|0,00|268,75|0,00|0,00|0,00|0,00|0,00|0,00|0,00|0,00|0,00|0,00|0,00|0,00|0,00|268,75|0,00|0,00|268,75|0,00|N|27/05/12 PARCELA 03/04|5949|||||
13|3339|C|95553|1|9999|PUBLICACAO DE ANUNCIOS||99|1,000||537,500000|268,750000|537,50|268,75|268,750000|0,00|268,75|0,00|0,00|0,00|0,00|0,00|0,00|0,00|0,00|0,00|0,00|0,00|0,00|0,00|268,75|0,00|0,00|268,75|0,00|N|27/05/12 PARCELA 04/04|5949|||||
13|3340|C|712|1|9999|PUBLICACAO DE ANUNCIOS||99|20,000||44,800000|44,800000|896,00|896,00|0,000000|0,00|896,00|0,00|0,00|0,00|0,00|0,00|0,00|0,00|0,00|0,00|0,00|0,00|0,00|0,00|896,00|0,00|0,00|896,00|0,00|N|01, 03, 06, 08, 10, 13, 15, 17, 20, 22, 24, 27, 29, 31/05/2012 P.I. 066/2012|5949|||||
13|3341|C|14726|1|9999|PUBLICACAO DE ANUNCIOS||99|32,000||31,200000|9,600000|998,40|307,20|691,200000|0,00|307,20|0,00|0,00|0,00|0,00|0,00|0,00|0,00|0,00|0,00|0,00|0,00|0,00|0,00|307,20|0,00|0,00|307,20|0,00|N|27/05/12 P.I. 028/05/12|5949|||||
13|3342|C|94072|1|9999|PUBLICACAO DE ANUNCIOS||99|12,000||31,200000|13,200000|374,40|158,40|216,000000|0,00|158,40|0,00|0,00|0,00|0,00|0,00|0,00|0,00|0,00|0,00|0,00|0,00|0,00|0,00|158,40|0,00|0,00|158,40|0,00|N|27/05/12 P.I. 036/05/12|5949|||||
13|3343|C|34083|1|9999|PUBLICACAO DE ANUNCIOS||99|20,000||35,500000|35,500000|710,00|710,00|0,000000|0,00|710,00|0,00|0,00|0,00|0,00|0,00|0,00|0,00|0,00|0,00|0,00|0,00|0,00|0,00|710,00|0,00|0,00|710,00|0,00|N|03, 06, 10, 13, 17, 20, 24, 27, 31/05/2012 P.I. 214/2012|5949|||||
13|3344|C|1026|1|9999|PUBLICACAO DE ANUNCIOS||99|20,000||46,000000|46,000000|920,00|920,00|0,000000|0,00|920,00|0,00|0,00|0,00|0,00|0,00|0,00|0,00|0,00|0,00|0,00|0,00|0,00|0,00|920,00|0,00|0,00|920,00|0,00|N|03, 06, 08, 10, 13, 15, 17, 20, 22, 24, 27, 29/05/2012 P.I. 203/2012|5949|||||
13|3345|C|95005|1|9999|PUBLICACAO DE ANUNCIOS||99|20,000||64,000000|44,800000|1280,00|896,00|384,000000|0,00|896,00|0,00|0,00|0,00|0,00|0,00|0,00|0,00|0,00|0,00|0,00|0,00|0,00|0,00|896,00|0,00|0,00|896,00|0,00|N|03, 06, 08, 10, 13, 15, 17, 20, 22, 24, 27, 29/05/12|5949|||||
13|3346|C|574|1|9999|PUBLICACAO DE ANUNCIOS||99|20,000||65,000000|12,430000|1300,00|248,60|1051,400000|0,00|248,60|0,00|0,00|0,00|0,00|0,00|0,00|0,00|0,00|0,00|0,00|0,00|0,00|0,00|248,60|0,00|0,00|248,60|0,00|N|03, 05, 08, 10, 12, 15, 17, 19, 22, 24, 26, 29, 31/05/12|5949|||||
13|3347|C|91682|1|9999|PUBLICACAO DE ANUNCIOS||99|120,000||30,000000|18,750000|3600,00|2250,00|1350,000000|0,00|2250,00|0,00|0,00|0,00|0,00|0,00|0,00|0,00|0,00|0,00|0,00|0,00|0,00|0,00|2250,00|0,00|0,00|2250,00|0,00|N|03, 10, 17, 24, 31/05/2012|5949|||||
13|3348|C|789|1|9999|PUBLICACAO DE ANUNCIOS||99|24,000||90,000000|70,000000|2160,00|1680,00|480,000000|0,00|1680,00|0,00|0,00|0,00|0,00|0,00|0,00|0,00|0,00|0,00|0,00|0,00|0,00|0,00|1680,00|0,00|0,00|1680,00|0,00|N|01, 03, 08, 10, 15, 17, 22, 24, 29, 31/05/2012|5949|||||
13|3349|C|98167|1|9999|PUBLICACAO DE ANUNCIOS||99|4,000||54,000000|54,000000|216,00|216,00|0,000000|0,00|216,00|0,00|0,00|0,00|0,00|0,00|0,00|0,00|0,00|0,00|0,00|0,00|0,00|0,00|216,00|0,00|0,00|216,00|0,00|N|06/05/12|5949|||||
13|3350|C|14623|1|9999|PUBLICACAO DE ANUNCIOS||99|90,000||41,400000|41,400000|3726,00|3726,00|0,000000|0,00|3726,00|0,00|0,00|0,00|0,00|0,00|0,00|0,00|0,00|0,00|0,00|0,00|0,00|0,00|3726,00|0,00|0,00|3726,00|0,00|N|06, 13, 20, 27/05/2012|5949|||||
13|3351|C|14623|1|9999|PUBLICACAO DE ANUNCIOS||99|20,000||48,800000|48,800000|976,00|976,00|0,000000|0,00|976,00|0,00|0,00|0,00|0,00|0,00|0,00|0,00|0,00|0,00|0,00|0,00|0,00|0,00|976,00|0,00|0,00|976,00|0,00|N|05, 10, 12, 17, 19, 24, 26, 31/05/2012|5949|||||
13|3352|C|76694|1|9999|PUBLICACAO DE ANUNCIOS||99|20,000||32,700000|32,700000|654,00|654,00|0,000000|0,00|654,00|0,00|0,00|0,00|0,00|0,00|0,00|0,00|0,00|0,00|0,00|0,00|0,00|0,00|654,00|0,00|0,00|654,00|0,00|N|06, 08, 10, 13, 15, 17, 20, 22, 24, 27, 29, 31/05/2012 P.I. 228/2012|5949|||||
13|3353|C|671|1|9999|PUBLICACAO DE ANUNCIOS||99|20,000||44,800000|44,800000|896,00|896,00|0,000000|0,00|896,00|0,00|0,00|0,00|0,00|0,00|0,00|0,00|0,00|0,00|0,00|0,00|0,00|0,00|896,00|0,00|0,00|896,00|0,00|N|01, 03, 06, 08, 10, 13, 15, 17, 20, 22, 24, 27, 29, 31/05/12 P.I. 063/2012|5949|||||
13|3354|C|31419|1|9999|PUBLICACAO DE ANUNCIOS||99|20,000||94,400000|29,700000|1888,00|594,00|1294,000000|0,00|594,00|0,00|0,00|0,00|0,00|0,00|0,00|0,00|0,00|0,00|0,00|0,00|0,00|0,00|594,00|0,00|0,00|594,00|0,00|N|06, 13, 20, 27/05/12 P.I. 205/2012|5949|||||
13|3355|C|1090|1|9999|PUBLICACAO DE ANUNCIOS||99|260,000||42,640000|42,640000|11086,40|11086,40|0,000000|0,00|11086,40|0,00|0,00|0,00|0,00|0,00|0,00|0,00|0,00|0,00|0,00|0,00|0,00|0,00|11086,40|0,00|0,00|11086,40|0,00|N|06, 13, 20, 27/05/12|5949|||||
13|3356|C|1114|1|9999|PUBLICACAO DE ANUNCIOS||99|260,000||21,424600|21,424600|5570,40|5570,40|0,000000|0,00|5570,40|0,00|0,00|0,00|0,00|0,00|0,00|0,00|0,00|0,00|0,00|0,00|0,00|0,00|5570,40|0,00|0,00|5570,40|0,00|N|06, 10, 13, 17, 20, 24, 27, 29, 31/05/12|5949|||||
13|3357|C|672|1|9999|PUBLICACAO DE ANUNCIOS||99|80,000||54,800000|40,800000|4384,00|3264,00|1120,000000|0,00|3264,00|0,00|0,00|0,00|0,00|0,00|0,00|0,00|0,00|0,00|0,00|0,00|0,00|0,00|3264,00|0,00|0,00|3264,00|0,00|N|06, 08, 10, 13, 15, 17, 20, 22, 24, 27, 29, 31/05/12|5949|||||
13|3358|C|1051|1|9999|PUBLICACAO DE ANUNCIOS||99|20,000||38,000000|29,000000|760,00|580,00|180,000000|0,00|580,00|0,00|0,00|0,00|0,00|0,00|0,00|0,00|0,00|0,00|0,00|0,00|0,00|0,00|580,00|0,00|0,00|580,00|0,00|N|06, 13, 20, 27, 31/05/12|5949|||||
13|3359|C|33953|1|9999|PUBLICACAO DE ANUNCIOS||99|28,000||64,000000|46,000000|1792,00|1288,00|504,000000|0,00|1288,00|0,00|0,00|0,00|0,00|0,00|0,00|0,00|0,00|0,00|0,00|0,00|0,00|0,00|1288,00|0,00|0,00|1288,00|0,00|N|06, 08, 10, 13, 15, 17, 20, 22, 24, 27, 29, 31/05/2012|5949|||||
13|3360|C|91682|1|9999|PUBLICACAO DE ANUNCIOS||99|260,000||104,000000|19,200000|27040,00|4992,00|22048,000000|0,00|4992,00|0,00|0,00|0,00|0,00|0,00|0,00|0,00|0,00|0,00|0,00|0,00|0,00|0,00|4992,00|0,00|0,00|4992,00|0,00|N|06, 13, 20, 27/05/12|5949|||||
13|3361|C|789|1|9999|PUBLICACAO DE ANUNCIOS||99|120,000||38,480000|20,883300|4617,60|2506,00|2111,600000|0,00|2506,00|0,00|0,00|0,00|0,00|0,00|0,00|0,00|0,00|0,00|0,00|0,00|0,00|0,00|2506,00|0,00|0,00|2506,00|0,00|N|06, 13/05/2012|5949|||||
13|3362|C|10433|1|9999|PUBLICACAO DE ANUNCIOS||99|20,000||37,500000|37,500000|750,00|750,00|0,000000|0,00|750,00|0,00|0,00|0,00|0,00|0,00|0,00|0,00|0,00|0,00|0,00|0,00|0,00|0,00|750,00|0,00|0,00|750,00|0,00|N|06, 10, 13, 17/05/2012|5949|||||
13|3363|C|819|1|9999|PUBLICACAO DE ANUNCIOS||99|16,000||31,200000|15,598800|499,20|249,58|249,620000|0,00|249,58|0,00|0,00|0,00|0,00|0,00|0,00|0,00|0,00|0,00|0,00|0,00|0,00|0,00|249,58|0,00|0,00|249,58|0,00|N|27/05/12 P.I. 022/05/2012|5949|||||
13|3364|C|35480|1|9999|PUBLICACAO DE ANUNCIOS||99|20,000||19,000000|14,500000|380,00|290,00|90,000000|0,00|290,00|0,00|0,00|0,00|0,00|0,00|0,00|0,00|0,00|0,00|0,00|0,00|0,00|0,00|290,00|0,00|0,00|290,00|0,00|N|06, 13, 20, 27, 31/05/2012 PARCELA 01/02|5949|||||
13|3365|C|35480|1|9999|PUBLICACAO DE ANUNCIOS||99|20,000||19,000000|14,500000|380,00|290,00|90,000000|0,00|290,00|0,00|0,00|0,00|0,00|0,00|0,00|0,00|0,00|0,00|0,00|0,00|0,00|0,00|290,00|0,00|0,00|290,00|0,00|N|06, 13, 20, 27, 31/05/2012 PARCELA 02/02|5949|||||
13|3366|C|789|1|9999|PUBLICACAO DE ANUNCIOS||99|3,000||500,000000|250,000000|1500,00|750,00|750,000000|0,00|750,00|0,00|0,00|0,00|0,00|0,00|0,00|0,00|0,00|0,00|0,00|0,00|0,00|0,00|750,00|0,00|0,00|750,00|0,00|N|27/05/2012|5949|||||
13|3367|C|15668|1|9999|PUBLICACAO DE ANUNCIOS||99|1,000||2150,000000|1075,000000|2150,00|1075,00|1075,000000|0,00|1075,00|0,00|0,00|0,00|0,00|0,00|0,00|0,00|0,00|0,00|0,00|0,00|0,00|0,00|1075,00|0,00|0,00|1075,00|0,00|N|27/05/2012|5949|||||
13|3368|C|83777|1|9999|PUBLICACAO DE ANUNCIOS||99|1,000||716,670000|330,000000|716,67|330,00|386,670000|0,00|330,00|0,00|0,00|0,00|0,00|0,00|0,00|0,00|0,00|0,00|0,00|0,00|0,00|0,00|330,00|0,00|0,00|330,00|0,00|N|27/05/12 PARCELA 01/03|5949|||||
13|3369|C|83777|1|9999|PUBLICACAO DE ANUNCIOS||99|1,000||716,670000|335,000000|716,67|335,00|381,670000|0,00|335,00|0,00|0,00|0,00|0,00|0,00|0,00|0,00|0,00|0,00|0,00|0,00|0,00|0,00|335,00|0,00|0,00|335,00|0,00|N|27/05/12 PARCELA 02/03|5949|||||
13|3370|C|83777|1|9999|PUBLICACAO DE ANUNCIOS||99|1,000||716,670000|335,000000|716,67|335,00|381,670000|0,00|335,00|0,00|0,00|0,00|0,00|0,00|0,00|0,00|0,00|0,00|0,00|0,00|0,00|0,00|335,00|0,00|0,00|335,00|0,00|N|27/05/12 PARCELA 03/03|5949|||||
13|3371|C|83782|1|9999|PUBLICACAO DE ANUNCIOS||99|1,000||1083,330000|541,670000|1083,33|541,67|541,660000|0,00|541,67|0,00|0,00|0,00|0,00|0,00|0,00|0,00|0,00|0,00|0,00|0,00|0,00|0,00|541,67|0,00|0,00|541,67|0,00|N|27/05/12 PARCELA 01/03|5949|||||
13|3372|C|83782|1|9999|PUBLICACAO DE ANUNCIOS||99|1,000||1083,330000|541,660000|1083,33|541,66|541,670000|0,00|541,66|0,00|0,00|0,00|0,00|0,00|0,00|0,00|0,00|0,00|0,00|0,00|0,00|0,00|541,66|0,00|0,00|541,66|0,00|N|27/05/12  PARCELA 02/03|5949|||||
13|3373|C|83782|1|9999|PUBLICACAO DE ANUNCIOS||99|1,000||1083,330000|541,670000|1083,33|541,67|541,660000|0,00|541,67|0,00|0,00|0,00|0,00|0,00|0,00|0,00|0,00|0,00|0,00|0,00|0,00|0,00|541,67|0,00|0,00|541,67|0,00|N|27/05/12  PARCELA 03/03|5949|||||
13|3374|C|100120|1|9999|PUBLICACAO DE ANUNCIOS||99|2,000||166,665000|100,000000|333,33|200,00|133,330000|0,00|200,00|0,00|0,00|0,00|0,00|0,00|0,00|0,00|0,00|0,00|0,00|0,00|0,00|0,00|200,00|0,00|0,00|200,00|0,00|N|27/05/12 PARCELA 01/03|5949|||||
13|3375|C|100120|1|9999|PUBLICACAO DE ANUNCIOS||99|2,000||166,665000|100,000000|333,33|200,00|133,330000|0,00|200,00|0,00|0,00|0,00|0,00|0,00|0,00|0,00|0,00|0,00|0,00|0,00|0,00|0,00|200,00|0,00|0,00|200,00|0,00|N|27/05/12 PARCELA 02/03|5949|||||
13|3376|C|100120|1|9999|PUBLICACAO DE ANUNCIOS||99|2,000||166,665000|100,000000|333,33|200,00|133,330000|0,00|200,00|0,00|0,00|0,00|0,00|0,00|0,00|0,00|0,00|0,00|0,00|0,00|0,00|0,00|200,00|0,00|0,00|200,00|0,00|N|27/05/12 PARCELA 03/03|5949|||||
13|3377|C|5595|1|9999|PUBLICACAO DE ANUNCIOS||99|1,000||537,500000|268,750000|537,50|268,75|268,750000|0,00|268,75|0,00|0,00|0,00|0,00|0,00|0,00|0,00|0,00|0,00|0,00|0,00|0,00|0,00|268,75|0,00|0,00|268,75|0,00|N|27/05/12 PARCELA 01/04|5949|||||
13|3378|C|5595|1|9999|PUBLICACAO DE ANUNCIOS||99|1,000||537,500000|268,750000|537,50|268,75|268,750000|0,00|268,75|0,00|0,00|0,00|0,00|0,00|0,00|0,00|0,00|0,00|0,00|0,00|0,00|0,00|268,75|0,00|0,00|268,75|0,00|N|27/05/12 PARCELA 02/04|5949|||||
13|3379|C|5595|1|9999|PUBLICACAO DE ANUNCIOS||99|1,000||537,500000|268,750000|537,50|268,75|268,750000|0,00|268,75|0,00|0,00|0,00|0,00|0,00|0,00|0,00|0,00|0,00|0,00|0,00|0,00|0,00|268,75|0,00|0,00|268,75|0,00|N|27/05/12 PARCELA 03/04|5949|||||
13|3380|C|5595|1|9999|PUBLICACAO DE ANUNCIOS||99|1,000||537,500000|268,750000|537,50|268,75|268,750000|0,00|268,75|0,00|0,00|0,00|0,00|0,00|0,00|0,00|0,00|0,00|0,00|0,00|0,00|0,00|268,75|0,00|0,00|268,75|0,00|N|27/05/12 PARCELA 04/04|5949|||||
13|3381|C|100073|1|9999|PUBLICACAO DE ANUNCIOS||99|1,000||537,500000|268,750000|537,50|268,75|268,750000|0,00|268,75|0,00|0,00|0,00|0,00|0,00|0,00|0,00|0,00|0,00|0,00|0,00|0,00|0,00|268,75|0,00|0,00|268,75|0,00|N|27/05/12 PARCELA 01/04|5949|||||
13|3382|C|100073|1|9999|PUBLICACAO DE ANUNCIOS||99|1,000||537,500000|268,750000|537,50|268,75|268,750000|0,00|268,75|0,00|0,00|0,00|0,00|0,00|0,00|0,00|0,00|0,00|0,00|0,00|0,00|0,00|268,75|0,00|0,00|268,75|0,00|N|27/05/12 PARCELA 02/04|5949|||||
13|3383|C|100073|1|9999|PUBLICACAO DE ANUNCIOS||99|1,000||537,500000|268,750000|537,50|268,75|268,750000|0,00|268,75|0,00|0,00|0,00|0,00|0,00|0,00|0,00|0,00|0,00|0,00|0,00|0,00|0,00|268,75|0,00|0,00|268,75|0,00|N|27/05/12 PARCELA 03/04|5949|||||
13|3384|C|100073|1|9999|PUBLICACAO DE ANUNCIOS||99|1,000||537,500000|268,750000|537,50|268,75|268,750000|0,00|268,75|0,00|0,00|0,00|0,00|0,00|0,00|0,00|0,00|0,00|0,00|0,00|0,00|0,00|268,75|0,00|0,00|268,75|0,00|N|27/05/12 PARCELA 04/04|5949|||||
13|3385|C|53136|1|9999|PUBLICACAO DE ANUNCIOS||99|10,000||276,000000|124,000000|2760,00|1240,00|1520,000000|0,00|1240,00|0,00|0,00|0,00|0,00|0,00|0,00|0,00|0,00|0,00|0,00|0,00|0,00|0,00|1240,00|0,00|0,00|1240,00|0,00|N|06/05/12|5949|||||
13|3386|C|80284|1|9999|PUBLICACAO DE ANUNCIOS||99|1,000||4500,000000|4500,000000|4500,00|4500,00|0,000000|0,00|4500,00|0,00|0,00|0,00|0,00|0,00|0,00|0,00|0,00|0,00|0,00|0,00|0,00|0,00|4500,00|0,00|0,00|4500,00|0,00|N|01,02,03,04,05,06,07,08,09,10,11,12,13,14,15,16,17,18,19,20,21,22,23,24,25,26,27,28,29,30,31/05/2012|5949|||||
13|3387|C|99047|1|9999|PUBLICACAO DE ANUNCIOS||99|100,000||94,250000|48,256000|9425,00|4825,60|3393,000000|1206,40|4825,60|0,00|0,00|0,00|0,00|0,00|0,00|0,00|0,00|0,00|0,00|0,00|0,00|0,00|4825,60|0,00|0,00|4825,60|0,00|N|06, 10, 13/05/12 P.I. 6166|5949|||||
13|3388|C|23489|1|9999|PUBLICACAO DE ANUNCIOS||99|312,000||98,800000|38,176300|30825,60|11911,01|15936,840000|2977,75|11911,01|0,00|0,00|0,00|0,00|0,00|0,00|0,00|0,00|0,00|0,00|0,00|0,00|0,00|11911,01|0,00|0,00|11911,01|0,00|N|11/05/2012 P.I. 195.821|5949|||||
13|3389|C|91361|1|9999|PUBLICACAO DE ANUNCIOS||99|312,000||98,800000|25,116000|30825,60|7836,19|21030,360000|1959,05|7836,19|0,00|0,00|0,00|0,00|0,00|0,00|0,00|0,00|0,00|0,00|0,00|0,00|0,00|7836,19|0,00|0,00|7836,19|0,00|N|03/05/2012 P.I. 79.633|5949|||||
13|3390|C|64475|1|9999|PUBLICACAO DE ANUNCIOS||99|156,000||98,800000|39,520000|15412,80|6165,12|7706,400000|1541,28|6165,12|0,00|0,00|0,00|0,00|0,00|0,00|0,00|0,00|0,00|0,00|0,00|0,00|0,00|6165,12|0,00|0,00|6165,12|0,00|N|04/05/2012 P.I. 544.940|5949|||||
13|3391|C|62420|1|9999|PUBLICACAO DE ANUNCIOS||99|260,000||174,200000|38,250000|45292,00|9945,00|35347,000000|0,00|9945,00|0,00|0,00|0,00|0,00|0,00|0,00|0,00|0,00|0,00|0,00|0,00|0,00|0,00|9945,00|0,00|0,00|9945,00|0,00|N|06, 10, 13, 17, 24/05/12 P.I. 384/2012|5949|||||
13|3392|C|96162|1|9999|PUBLICACAO DE ANUNCIOS||99|6,000||138,000000|54,000000|828,00|324,00|504,000000|0,00|324,00|0,00|0,00|0,00|0,00|0,00|0,00|0,00|0,00|0,00|0,00|0,00|0,00|0,00|324,00|0,00|0,00|324,00|0,00|N|04, 05, 06/05/12 P.I. 223/2012|6949|||||
13|3393|C|100047|1|9999|PUBLICACAO DE ANUNCIOS||99|1,000||1083,330000|650,000000|1083,33|650,00|433,330000|0,00|650,00|0,00|0,00|0,00|0,00|0,00|0,00|0,00|0,00|0,00|0,00|0,00|0,00|0,00|650,00|0,00|0,00|650,00|0,00|N|27/05/2012 P.I. 259/2012|5949|||||
13|3394|C|100047|1|9999|PUBLICACAO DE ANUNCIOS||99|1,000||1083,330000|650,000000|1083,33|650,00|433,330000|0,00|650,00|0,00|0,00|0,00|0,00|0,00|0,00|0,00|0,00|0,00|0,00|0,00|0,00|0,00|650,00|0,00|0,00|650,00|0,00|N|27/05/2012 259/2012|5949|||||
13|3395|C|100047|1|9999|PUBLICACAO DE ANUNCIOS||99|1,000||1083,330000|650,000000|1083,33|650,00|433,330000|0,00|650,00|0,00|0,00|0,00|0,00|0,00|0,00|0,00|0,00|0,00|0,00|0,00|0,00|0,00|650,00|0,00|0,00|650,00|0,00|N|27/05/2012 P.I. 259/2012|5949|||||
13|3396|C|34675|1|9999|PUBLICACAO DE ANUNCIOS||99|1,000||1075,000000|645,000000|1075,00|645,00|430,000000|0,00|645,00|0,00|0,00|0,00|0,00|0,00|0,00|0,00|0,00|0,00|0,00|0,00|0,00|0,00|645,00|0,00|0,00|645,00|0,00|N|27/05/2012 P.I. 386/2012 PARCELA 01/02|5949|||||
13|3397|C|34675|1|9999|PUBLICACAO DE ANUNCIOS||99|1,000||1075,000000|645,000000|1075,00|645,00|430,000000|0,00|645,00|0,00|0,00|0,00|0,00|0,00|0,00|0,00|0,00|0,00|0,00|0,00|0,00|0,00|645,00|0,00|0,00|645,00|0,00|N|27/05/2012 P.I. 386/2012 PARCELA 02/02|5949|||||
13|3398|C|15645|1|9999|PUBLICACAO DE ANUNCIOS||99|1,000||2183,330000|980,000000|2183,33|980,00|1203,330000|0,00|980,00|0,00|0,00|0,00|0,00|0,00|0,00|0,00|0,00|0,00|0,00|0,00|0,00|0,00|980,00|0,00|0,00|980,00|0,00|N|27/05/2012 PARCELA 01/03|5949|||||
13|3399|C|15645|1|9999|PUBLICACAO DE ANUNCIOS||99|1,000||2183,330000|980,000000|2183,33|980,00|1203,330000|0,00|980,00|0,00|0,00|0,00|0,00|0,00|0,00|0,00|0,00|0,00|0,00|0,00|0,00|0,00|980,00|0,00|0,00|980,00|0,00|N|27/05/2012 PARCELA 02/03|5949|||||
13|3400|C|1090|1|9999|PUBLICACAO DE ANUNCIOS||99|1,000||1600,000000|1600,000000|1600,00|1600,00|0,000000|0,00|1600,00|0,00|0,00|0,00|0,00|0,00|0,00|0,00|0,00|0,00|0,00|0,00|0,00|0,00|1600,00|0,00|0,00|1600,00|0,00|N|27/05/2012|5949|||||
13|3401|C|97870|1|9999|PUBLICACAO DE ANUNCIOS||99|70,000||46,749900|46,749900|3272,49|3272,49|0,000000|0,00|3272,49|0,00|0,00|0,00|0,00|0,00|0,00|0,00|0,00|0,00|0,00|0,00|0,00|0,00|3272,49|0,00|0,00|3272,49|0,00|N|03, 06, 10, 13, 17, 20, 24, 27, 31/05/12 P.I. 300|5949|||||
13|3402|C|494|1|9999|PUBLICACAO DE ANUNCIOS||99|168,000||73,000000|32,050000|12264,00|5384,40|6879,600000|0,00|5384,40|0,00|0,00|0,00|0,00|0,00|0,00|0,00|0,00|0,00|0,00|0,00|0,00|0,00|5384,40|0,00|0,00|5384,40|0,00|N|01, 02, 06, 08, 09, 13, 15, 16, 20, 22, 23, 27/05/12 P.I. 044/05/12|5949|||||
13|3403|C|99986|1|9999|PUBLICACAO DE ANUNCIOS||99|1,000||100,000000|100,000000|100,00|100,00|0,000000|0,00|100,00|0,00|0,00|0,00|0,00|0,00|0,00|0,00|0,00|0,00|0,00|0,00|0,00|0,00|100,00|0,00|0,00|100,00|0,00|N|27/05/12 PARCELA 01/03|5949|||||
13|3403|C|99986|2|9999|PUBLICACAO DE ANUNCIOS||99|1,000||100,000000|100,000000|100,00|100,00|0,000000|0,00|100,00|0,00|0,00|0,00|0,00|0,00|0,00|0,00|0,00|0,00|0,00|0,00|0,00|0,00|100,00|0,00|0,00|100,00|0,00|N|27/05/2012 PARCELA 01/03|5949|||||
13|3404|C|99986|1|9999|PUBLICACAO DE ANUNCIOS||99|1,000||200,000000|200,000000|200,00|200,00|0,000000|0,00|200,00|0,00|0,00|0,00|0,00|0,00|0,00|0,00|0,00|0,00|0,00|0,00|0,00|0,00|200,00|0,00|0,00|200,00|0,00|N|27/05/12 PARCELA 02/03|5949|||||
13|3405|C|99986|1|9999|PUBLICACAO DE ANUNCIOS||99|1,000||200,000000|200,000000|200,00|200,00|0,000000|0,00|200,00|0,00|0,00|0,00|0,00|0,00|0,00|0,00|0,00|0,00|0,00|0,00|0,00|0,00|200,00|0,00|0,00|200,00|0,00|N|27/05/12 PARCELA 03/03|5949|||||
13|3406|C|87111|1|9999|PUBLICACAO DE ANUNCIOS||99|4,000||414,000000|200,000000|1656,00|800,00|856,000000|0,00|800,00|0,00|0,00|0,00|0,00|0,00|0,00|0,00|0,00|0,00|0,00|0,00|0,00|0,00|800,00|0,00|0,00|800,00|0,00|N|06/05/12|5949|||||
13|3407|C|87111|1|9999|PUBLICACAO DE ANUNCIOS||99|14,000||414,000000|210,000000|5796,00|2940,00|2856,000000|0,00|2940,00|0,00|0,00|0,00|0,00|0,00|0,00|0,00|0,00|0,00|0,00|0,00|0,00|0,00|2940,00|0,00|0,00|2940,00|0,00|N|08/05/12|5949|||||
13|3408|C|4262|1|9999|PUBLICACAO DE ANUNCIOS||99|8,000||27,000000|27,000000|216,00|216,00|0,000000|0,00|216,00|0,00|0,00|0,00|0,00|0,00|0,00|0,00|0,00|0,00|0,00|0,00|0,00|0,00|216,00|0,00|0,00|216,00|0,00|N|03/05/12|5949|||||
13|3409|C|19708|1|9999|PUBLICACAO DE ANUNCIOS||99|2,000||27,000000|27,000000|54,00|54,00|0,000000|0,00|54,00|0,00|0,00|0,00|0,00|0,00|0,00|0,00|0,00|0,00|0,00|0,00|0,00|0,00|54,00|0,00|0,00|54,00|0,00|N|03/05/12|5949|||||
13|3410|C|12202|1|9999|PUBLICACAO DE ANUNCIOS||99|1,000||500,000000|400,000000|500,00|400,00|100,000000|0,00|400,00|0,00|0,00|0,00|0,00|0,00|0,00|0,00|0,00|0,00|0,00|0,00|0,00|0,00|400,00|0,00|0,00|400,00|0,00|N|27/05/12|5949|||||
13|3411|C|64327|1|9999|PUBLICACAO DE ANUNCIOS||99|1,000||2150,000000|1397,500000|2150,00|1397,50|752,500000|0,00|1397,50|0,00|0,00|0,00|0,00|0,00|0,00|0,00|0,00|0,00|0,00|0,00|0,00|0,00|1397,50|0,00|0,00|1397,50|0,00|N|27/05/12|5949|||||
13|3412|C|100136|1|9999|PUBLICACAO DE ANUNCIOS||99|1,000||2183,330000|1000,000000|1000,00|1000,00|1183,330000|0,00|1000,00|0,00|0,00|0,00|0,00|0,00|0,00|0,00|0,00|0,00|0,00|0,00|0,00|0,00|1000,00|0,00|0,00|1000,00|0,00|N|27/05/2012 PARCELA 01/03|5949|||||
13|3413|C|100136|1|9999|PUBLICACAO DE ANUNCIOS||99|1,000||2183,330000|1000,000000|1000,00|1000,00|1183,330000|0,00|1000,00|0,00|0,00|0,00|0,00|0,00|0,00|0,00|0,00|0,00|0,00|0,00|0,00|0,00|1000,00|0,00|0,00|1000,00|0,00|N|27/05/2012 PARCELA 02/03|5949|||||
13|3414|C|100136|1|9999|PUBLICACAO DE ANUNCIOS||99|1,000||2183,330000|1000,000000|1000,00|1000,00|1183,330000|0,00|1000,00|0,00|0,00|0,00|0,00|0,00|0,00|0,00|0,00|0,00|0,00|0,00|0,00|0,00|1000,00|0,00|0,00|1000,00|0,00|N|27/05/2012 PARCELA 03/03|5949|||||
13|3415|C|53253|1|9999|PUBLICACAO DE ANUNCIOS||99|10,000||26,500000|13,200000|265,00|132,00|133,000000|0,00|132,00|0,00|0,00|0,00|0,00|0,00|0,00|0,00|0,00|0,00|0,00|0,00|0,00|0,00|132,00|0,00|0,00|132,00|0,00|N|27/05/12|5949|||||
13|3416|C|95919|1|9999|PUBLICACAO DE ANUNCIOS||99|24,000||7,500000|7,500000|180,00|180,00|0,000000|0,00|180,00|0,00|0,00|0,00|0,00|0,00|0,00|0,00|0,00|0,00|0,00|0,00|0,00|0,00|180,00|0,00|0,00|180,00|0,00|N|27/05/2012|5949|||||
13|3417|C|493|1|9999|PUBLICACAO DE ANUNCIOS||99|102,000||54,000000|43,200000|5508,00|4406,40|0,000000|1101,60|4406,40|0,00|0,00|0,00|0,00|0,00|0,00|0,00|0,00|0,00|0,00|0,00|0,00|0,00|4406,40|0,00|0,00|4406,40|0,00|N|06/05/12 P.I. 005827|5949|||||
13|3418|C|70154|1|9999|PUBLICACAO DE ANUNCIOS||99|180,000||58,500000|28,666700|10530,00|5160,00|4080,000000|1290,00|5160,00|0,00|0,00|0,00|0,00|0,00|0,00|0,00|0,00|0,00|0,00|0,00|0,00|0,00|5160,00|0,00|0,00|5160,00|0,00|N|05, 10, 12, 17, 19/05/2012|5949|||||
13|3419|C|91400|1|9999|PUBLICACAO DE ANUNCIOS||99|72,000||84,000000|19,413300|6048,00|1397,76|4300,800000|349,44|1397,76|0,00|0,00|0,00|0,00|0,00|0,00|0,00|0,00|0,00|0,00|0,00|0,00|0,00|1397,76|0,00|0,00|1397,76|0,00|N|06, 13, 20, 27/05/12|5949|||||
13|3420|C|24500|1|9999|PUBLICACAO DE ANUNCIOS||99|312,000||98,800000|18,395400|30825,60|5739,35|23651,410000|1434,84|5739,35|0,00|0,00|0,00|0,00|0,00|0,00|0,00|0,00|0,00|0,00|0,00|0,00|0,00|5739,35|0,00|0,00|5739,35|0,00|N|11/05/2012 P.I. 124928|5949|||||
13|3421|C|24500|1|9999|PUBLICACAO DE ANUNCIOS||99|20,000||615,600000|206,717000|12312,00|4134,34|7144,080000|1033,58|4134,34|0,00|0,00|0,00|0,00|0,00|0,00|0,00|0,00|0,00|0,00|0,00|0,00|0,00|4134,34|0,00|0,00|4134,34|0,00|N|11/05/2012 P.I. 124782|5949|||||
13|3422|C|24500|1|9999|PUBLICACAO DE ANUNCIOS||99|16,000||579,500000|124,740000|9272,00|1995,84|6777,200000|498,96|1995,84|0,00|0,00|0,00|0,00|0,00|0,00|0,00|0,00|0,00|0,00|0,00|0,00|0,00|1995,84|0,00|0,00|1995,84|0,00|N|11/05/2012 P.I. 124509|5949|||||
13|3423|C|24500|1|9999|PUBLICACAO DE ANUNCIOS||99|312,000||98,800000|18,395400|30825,60|5739,35|23651,410000|1434,84|5739,35|0,00|0,00|0,00|0,00|0,00|0,00|0,00|0,00|0,00|0,00|0,00|0,00|0,00|5739,35|0,00|0,00|5739,35|0,00|N|11/05/2012 P.I. 124824|5949|||||
13|3424|C|24500|1|9999|PUBLICACAO DE ANUNCIOS||99|80,000||66,300000|12,263600|5304,00|981,09|4077,640000|245,27|981,09|0,00|0,00|0,00|0,00|0,00|0,00|0,00|0,00|0,00|0,00|0,00|0,00|0,00|981,09|0,00|0,00|981,09|0,00|N|02, 09/05/2012 P.I. 124584|5949|||||
13|3425|C|8864|1|9999|PUBLICACAO DE ANUNCIOS||99|10,000||27,000000|21,600000|270,00|216,00|0,000000|54,00|216,00|0,00|0,00|0,00|0,00|0,00|0,00|0,00|0,00|0,00|0,00|0,00|0,00|0,00|216,00|0,00|0,00|216,00|0,00|N|10/05/12 P.I. 17.072|5949|||||
13|3426|C|8864|1|9999|PUBLICACAO DE ANUNCIOS||99|12,000||27,000000|21,600000|324,00|259,20|0,000000|64,80|259,20|0,00|0,00|0,00|0,00|0,00|0,00|0,00|0,00|0,00|0,00|0,00|0,00|0,00|259,20|0,00|0,00|259,20|0,00|N|11/05/12 P.I. 17.127|5949|||||
13|3427|C|8864|1|9999|PUBLICACAO DE ANUNCIOS||99|8,000||27,000000|21,600000|216,00|172,80|0,000000|43,20|172,80|0,00|0,00|0,00|0,00|0,00|0,00|0,00|0,00|0,00|0,00|0,00|0,00|0,00|172,80|0,00|0,00|172,80|0,00|N|05/05/12 P.I.16.916|5949|||||
13|3428|C|827|1|9999|PUBLICACAO DE ANUNCIOS||99|200,000||427,700000|42,036800|85540,00|8407,36|75030,800000|2101,84|8407,36|0,00|0,00|0,00|0,00|0,00|0,00|0,00|0,00|0,00|0,00|0,00|0,00|0,00|8407,36|0,00|0,00|8407,36|0,00|N|03, 05, 10, 13/05/12 P.I. 544.277|5949|||||
13|3428|C|827|2|9999|PUBLICACAO DE ANUNCIOS||99|200,000||131,300000|10,509200|26260,00|2101,84|23632,700000|525,46|2101,84|0,00|0,00|0,00|0,00|0,00|0,00|0,00|0,00|0,00|0,00|0,00|0,00|0,00|2101,84|0,00|0,00|2101,84|0,00|N|13/05/2012 P.I. 544.277|5949|||||
13|3429|C|64475|1|9999|PUBLICACAO DE ANUNCIOS||99|156,000||98,800000|39,520000|15412,80|6165,12|7706,400000|1541,28|6165,12|0,00|0,00|0,00|0,00|0,00|0,00|0,00|0,00|0,00|0,00|0,00|0,00|0,00|6165,12|0,00|0,00|6165,12|0,00|N|12/05/12 P.I. 545.476|5949|||||
13|3430|C|24500|1|9999|PUBLICACAO DE ANUNCIOS||99|312,000||98,800000|18,395400|30825,60|5739,35|23651,410000|1434,84|5739,35|0,00|0,00|0,00|0,00|0,00|0,00|0,00|0,00|0,00|0,00|0,00|0,00|0,00|5739,35|0,00|0,00|5739,35|0,00|N|04/05/2012 P.I. 124763|5949|||||
13|3431|C|19153|1|9999|PUBLICACAO DE ANUNCIOS||99|102,000||4,820000|3,856000|491,64|393,31|0,000000|98,33|393,31|0,00|0,00|0,00|0,00|0,00|0,00|0,00|0,00|0,00|0,00|0,00|0,00|0,00|393,31|0,00|0,00|393,31|0,00|N|06/05/2012 P.I. 2012.01966.00003.001|5949|||||
13|3432|C|29661|1|9999|PUBLICACAO DE ANUNCIOS||99|8,000||27,000000|21,600000|216,00|172,80|0,000000|43,20|172,80|0,00|0,00|0,00|0,00|0,00|0,00|0,00|0,00|0,00|0,00|0,00|0,00|0,00|172,80|0,00|0,00|172,80|0,00|N|11/05/12 P.I. 119.146|5949|||||
13|3433|C|29661|1|9999|PUBLICACAO DE ANUNCIOS||99|10,000||27,000000|21,600000|270,00|216,00|0,000000|54,00|216,00|0,00|0,00|0,00|0,00|0,00|0,00|0,00|0,00|0,00|0,00|0,00|0,00|0,00|216,00|0,00|0,00|216,00|0,00|N|09/05/12 P.I. 119.048|5949|||||
13|3434|C|29661|1|9999|PUBLICACAO DE ANUNCIOS||99|8,000||27,000000|21,600000|216,00|172,80|0,000000|43,20|172,80|0,00|0,00|0,00|0,00|0,00|0,00|0,00|0,00|0,00|0,00|0,00|0,00|0,00|172,80|0,00|0,00|172,80|0,00|N|08/05/12 P.I. 118.976|5949|||||
13|3435|C|29661|1|9999|PUBLICACAO DE ANUNCIOS||99|8,000||27,000000|21,600000|216,00|172,80|0,000000|43,20|172,80|0,00|0,00|0,00|0,00|0,00|0,00|0,00|0,00|0,00|0,00|0,00|0,00|0,00|172,80|0,00|0,00|172,80|0,00|N|05/05/12 P.I. 118.883|5949|||||
13|3436|C|29661|1|9999|PUBLICACAO DE ANUNCIOS||99|8,000||27,000000|21,600000|216,00|172,80|0,000000|43,20|172,80|0,00|0,00|0,00|0,00|0,00|0,00|0,00|0,00|0,00|0,00|0,00|0,00|0,00|172,80|0,00|0,00|172,80|0,00|N|12/05/12 P.I. 119.274|5949|||||
13|3437|C|91361|1|9999|PUBLICACAO DE ANUNCIOS||99|312,000||98,800000|25,116000|30825,60|7836,19|21030,360000|1959,05|7836,19|0,00|0,00|0,00|0,00|0,00|0,00|0,00|0,00|0,00|0,00|0,00|0,00|0,00|7836,19|0,00|0,00|7836,19|0,00|N|12/05/12 P.I. 80.240|6949|||||
13|3438|C|96223|1|9999|PUBLICACAO DE ANUNCIOS||99|156,000||98,800000|63,232000|15412,80|9864,19|3082,560000|2466,05|9864,19|0,00|0,00|0,00|0,00|0,00|0,00|0,00|0,00|0,00|0,00|0,00|0,00|0,00|9864,19|0,00|0,00|9864,19|0,00|N|03/05/12 P.I. 017.398|5949|||||
13|3439|C|19153|1|9999|PUBLICACAO DE ANUNCIOS||99|102,000||9,640000|3,856000|983,28|393,31|491,640000|98,33|393,31|0,00|0,00|0,00|0,00|0,00|0,00|0,00|0,00|0,00|0,00|0,00|0,00|0,00|393,31|0,00|0,00|393,31|0,00|N|10/05/12 P.I. 2012.01966.00006.001|5949|||||
13|3440|C|15645|1|9999|PUBLICACAO DE ANUNCIOS||99|1,000||2183,330000|980,000000|2183,33|980,00|1203,330000|0,00|980,00|0,00|0,00|0,00|0,00|0,00|0,00|0,00|0,00|0,00|0,00|0,00|0,00|0,00|980,00|0,00|0,00|980,00|0,00|N|27/05/2012 PARCELA 03/03|5949|||||
13|3441|C|80284|1|9999|PUBLICACAO DE ANUNCIOS||99|60,000||46,200000|36,960000|2772,00|2217,60|0,000000|554,40|2217,60|0,00|0,00|0,00|0,00|0,00|0,00|0,00|0,00|0,00|0,00|0,00|0,00|0,00|2217,60|0,00|0,00|2217,60|0,00|N|07/05/2012 - P.I n. 014672|5949|||||
13|3443|C|80284|1|9999|PUBLICACAO DE ANUNCIOS||99|60,000||46,200000|36,960000|2772,00|2217,60|0,000000|554,40|2217,60|0,00|0,00|0,00|0,00|0,00|0,00|0,00|0,00|0,00|0,00|0,00|0,00|0,00|2217,60|0,00|0,00|2217,60|0,00|N|07/05/2012 - P.I n. 014672|5949|||||
13|3444|C|80284|1|9999|PUBLICACAO DE ANUNCIOS||99|60,000||54,000000|43,200000|3240,00|2592,00|0,000000|648,00|2592,00|0,00|0,00|0,00|0,00|0,00|0,00|0,00|0,00|0,00|0,00|0,00|0,00|0,00|2592,00|0,00|0,00|2592,00|0,00|N|06, 08, 10/05/12  P.I. 014670|5949|||||
13|3445|C|62995|1|9999|PUBLICACAO DE ANUNCIOS||99|1,000||500,000000|400,000000|500,00|400,00|100,000000|0,00|400,00|0,00|0,00|0,00|0,00|0,00|0,00|0,00|0,00|0,00|0,00|0,00|0,00|0,00|400,00|0,00|0,00|400,00|0,00|N|27/05/12|5949|||||
13|3446|C|3330|1|9999|PUBLICACAO DE ANUNCIOS||99|70,000||206,500000|46,750000|14455,00|3272,50|11182,500000|0,00|3272,50|0,00|0,00|0,00|0,00|0,00|0,00|0,00|0,00|0,00|0,00|0,00|0,00|0,00|3272,50|0,00|0,00|3272,50|0,00|N|03, 06, 10, 13, 24, 27, 31/05/12 P.I. 300|6949|||||
13|3447|C|69457|1|9999|PUBLICACAO DE ANUNCIOS||99|102,000||27,000000|4,270600|2754,00|435,60|2318,400000|0,00|435,60|0,00|0,00|0,00|0,00|0,00|0,00|0,00|0,00|0,00|0,00|0,00|0,00|0,00|435,60|0,00|0,00|435,60|0,00|N|08/05/2012|5949|||||
13|3448|C|691|1|9999|PUBLICACAO DE ANUNCIOS||99|32,000||114,000000|62,400000|3648,00|1996,80|1651,200000|0,00|1996,80|0,00|0,00|0,00|0,00|0,00|0,00|0,00|0,00|0,00|0,00|0,00|0,00|0,00|1996,80|0,00|0,00|1996,80|0,00|N|01, 02, 03, 04, 05, 06, 8, 09, 10, 11, 13, 15, 16, 17, 18, 20, 22, 23, 24, 25, 27, 29, 30, 31/05/2012|5949|||||
13|3449|C|69457|1|9999|PUBLICACAO DE ANUNCIOS||99|72,000||27,000000|9,405600|1944,00|677,20|1266,800000|0,00|677,20|0,00|0,00|0,00|0,00|0,00|0,00|0,00|0,00|0,00|0,00|0,00|0,00|0,00|677,20|0,00|0,00|677,20|0,00|N|03/05/12|5949|||||
13|3450|C|40065|1|9999|PUBLICACAO DE ANUNCIOS||99|20,000||49,000000|35,500000|980,00|710,00|270,000000|0,00|710,00|0,00|0,00|0,00|0,00|0,00|0,00|0,00|0,00|0,00|0,00|0,00|0,00|0,00|710,00|0,00|0,00|710,00|0,00|N|03, 06, 10, 13, 17, 20, 24, 27, 31/05/2012 P.I. 211/2012|5949|||||
13|3451|C|91483|1|9999|PUBLICACAO DE ANUNCIOS||99|30,000||100,500000|77,333300|3015,00|2320,00|695,000000|0,00|2320,00|0,00|0,00|0,00|0,00|0,00|0,00|0,00|0,00|0,00|0,00|0,00|0,00|0,00|2320,00|0,00|0,00|2320,00|0,00|N|03, 04, 06, 08, 10, 11, 12, 13, 15,17,18,19,20,22,24,27,29,31/05/2012|5949|||||
13|3452|C|4347|1|9999|PUBLICACAO DE ANUNCIOS||99|6,000||138,000000|54,000000|828,00|324,00|504,000000|0,00|324,00|0,00|0,00|0,00|0,00|0,00|0,00|0,00|0,00|0,00|0,00|0,00|0,00|0,00|324,00|0,00|0,00|324,00|0,00|N|06, 08, 10/05/12|5949|||||
13|3453|C|680|1|9999|PUBLICACAO DE ANUNCIOS||99|138,000||60,840000|29,558000|8395,92|4079,00|4316,920000|0,00|4079,00|0,00|0,00|0,00|0,00|0,00|0,00|0,00|0,00|0,00|0,00|0,00|0,00|0,00|4079,00|0,00|0,00|4079,00|0,00|N|06, 08, 10, 13, 15, 17, 20, 22, 24, 27, 29, 31/05/12|5949|||||
13|3454|C|89723|1|9999|PUBLICACAO DE ANUNCIOS||99|20,000||64,000000|40,800000|1280,00|816,00|464,000000|0,00|816,00|0,00|0,00|0,00|0,00|0,00|0,00|0,00|0,00|0,00|0,00|0,00|0,00|0,00|816,00|0,00|0,00|816,00|0,00|N|01, 03, 06, 08, 10, 13, 15, 17, 20, 22, 24, 27/05/12|5949|||||
13|3455|C|11219|1|9999|PUBLICACAO DE ANUNCIOS||99|90,000||13,325000|13,325000|1199,25|1199,25|0,000000|0,00|1199,25|0,00|0,00|0,00|0,00|0,00|0,00|0,00|0,00|0,00|0,00|0,00|0,00|0,00|1199,25|0,00|0,00|1199,25|0,00|N|08/05/2012|5949|||||
13|3456|C|796|1|9999|PUBLICACAO DE ANUNCIOS||99|30,000||54,800000|40,800000|1644,00|1224,00|420,000000|0,00|1224,00|0,00|0,00|0,00|0,00|0,00|0,00|0,00|0,00|0,00|0,00|0,00|0,00|0,00|1224,00|0,00|0,00|1224,00|0,00|N|03, 05, 06, 10, 12, 13, 17, 19, 20, 24, 26, 27/05/12|5949|||||
13|3457|C|38207|1|9999|PUBLICACAO DE ANUNCIOS||99|6,000||138,000000|54,000000|828,00|324,00|504,000000|0,00|324,00|0,00|0,00|0,00|0,00|0,00|0,00|0,00|0,00|0,00|0,00|0,00|0,00|0,00|324,00|0,00|0,00|324,00|0,00|N|10, 13, 17/05/12|5949|||||
13|3458|C|32626|1|9999|PUBLICACAO DE ANUNCIOS||99|15,000||276,000000|124,200000|4140,00|1863,00|2277,000000|0,00|1863,00|0,00|0,00|0,00|0,00|0,00|0,00|0,00|0,00|0,00|0,00|0,00|0,00|0,00|1863,00|0,00|0,00|1863,00|0,00|N|06/05/12|5949|||||
13|3459|C|45756|1|9999|PUBLICACAO DE ANUNCIOS||99|1,000||3250,000000|1800,000000|3250,00|1800,00|1450,000000|0,00|1800,00|0,00|0,00|0,00|0,00|0,00|0,00|0,00|0,00|0,00|0,00|0,00|0,00|0,00|1800,00|0,00|0,00|1800,00|0,00|N|27/05/12|5949|||||
13|3460|C|1193|1|9999|PUBLICACAO DE ANUNCIOS||99|20,000||52,000000|16,000000|1040,00|320,00|720,000000|0,00|320,00|0,00|0,00|0,00|0,00|0,00|0,00|0,00|0,00|0,00|0,00|0,00|0,00|0,00|320,00|0,00|0,00|320,00|0,00|N|13, 27/05/12|5949|||||
13|3461|C|9060|1|9999|PUBLICACAO DE ANUNCIOS||99|8,000||138,000000|54,000000|1104,00|432,00|672,000000|0,00|432,00|0,00|0,00|0,00|0,00|0,00|0,00|0,00|0,00|0,00|0,00|0,00|0,00|0,00|432,00|0,00|0,00|432,00|0,00|N|13, 15, 17/05/12|5949|||||
13|3462|C|100055|1|9999|PUBLICACAO DE ANUNCIOS||99|1,000||500,000000|230,000000|500,00|230,00|270,000000|0,00|230,00|0,00|0,00|0,00|0,00|0,00|0,00|0,00|0,00|0,00|0,00|0,00|0,00|0,00|230,00|0,00|0,00|230,00|0,00|N|27/05/12|5949|||||
13|3463|C|100055|1|9999|PUBLICACAO DE ANUNCIOS||99|1,000||250,000000|230,000000|250,00|230,00|20,000000|0,00|230,00|0,00|0,00|0,00|0,00|0,00|0,00|0,00|0,00|0,00|0,00|0,00|0,00|0,00|230,00|0,00|0,00|230,00|0,00|N|27/05/12 PARCELA 01/02|5949|||||
13|3464|C|100055|1|9999|PUBLICACAO DE ANUNCIOS||99|1,000||250,000000|230,000000|250,00|230,00|20,000000|0,00|230,00|0,00|0,00|0,00|0,00|0,00|0,00|0,00|0,00|0,00|0,00|0,00|0,00|0,00|230,00|0,00|0,00|230,00|0,00|N|27/05/12 PARCELA 02/02|5949|||||
13|3465|C|753|1|9999|PUBLICACAO DE ANUNCIOS||99|40,000||48,000000|34,500000|1920,00|1380,00|540,000000|0,00|1380,00|0,00|0,00|0,00|0,00|0,00|0,00|0,00|0,00|0,00|0,00|0,00|0,00|0,00|1380,00|0,00|0,00|1380,00|0,00|N|11, 12, 13, 18, 19, 20, 25, 26, 27/05/12|5949|||||
13|3466|C|60972|1|9999|PUBLICACAO DE ANUNCIOS||99|40,000||105,000000|62,400000|4200,00|2496,00|1704,000000|0,00|2496,00|0,00|0,00|0,00|0,00|0,00|0,00|0,00|0,00|0,00|0,00|0,00|0,00|0,00|2496,00|0,00|0,00|2496,00|0,00|N|01, 03,4,05,06,08, 10,11,12,13,15,17,18,19,20,24,25,26,27,29,31/05/12|5949|||||
13|3467|C|8457|1|9999|PUBLICACAO DE ANUNCIOS||99|20,000||206,500000|31,650000|4130,00|633,00|3497,000000|0,00|633,00|0,00|0,00|0,00|0,00|0,00|0,00|0,00|0,00|0,00|0,00|0,00|0,00|0,00|633,00|0,00|0,00|633,00|0,00|N|03,06,10,13,17,20,24,27,31/05/2012|5949|||||
13|3468|C|1050|1|9999|PUBLICACAO DE ANUNCIOS||99|30,000||100,500000|68,000000|3015,00|2040,00|975,000000|0,00|2040,00|0,00|0,00|0,00|0,00|0,00|0,00|0,00|0,00|0,00|0,00|0,00|0,00|0,00|2040,00|0,00|0,00|2040,00|0,00|N|03,04,05,06,08,10,11,12,13,15,17,18,19,20,22,24,25,26,27,29,31/05/2012|5949|||||
13|3469|C|789|1|9999|PUBLICACAO DE ANUNCIOS||99|48,000||52,000000|18,000000|2496,00|864,00|1632,000000|0,00|864,00|0,00|0,00|0,00|0,00|0,00|0,00|0,00|0,00|0,00|0,00|0,00|0,00|0,00|864,00|0,00|0,00|864,00|0,00|N|20,27/05/2012|5949|||||
13|3470|C|99535|1|9999|PUBLICACAO DE ANUNCIOS||99|78,000||24,450000|24,450000|1907,10|1907,10|0,000000|0,00|1907,10|0,00|0,00|0,00|0,00|0,00|0,00|0,00|0,00|0,00|0,00|0,00|0,00|0,00|1907,10|0,00|0,00|1907,10|0,00|N|15,24/05/2012, 03/06/2012 PARCELA 01/02|5949|||||
13|3471|C|99535|1|9999|PUBLICACAO DE ANUNCIOS||99|78,000||24,450000|24,450000|1907,10|1907,10|0,000000|0,00|1907,10|0,00|0,00|0,00|0,00|0,00|0,00|0,00|0,00|0,00|0,00|0,00|0,00|0,00|1907,10|0,00|0,00|1907,10|0,00|N|15,24/05/2012, 03/06/2012 PARCELA 02/02|5949|||||
13|3472|C|4173|1|9999|PUBLICACAO DE ANUNCIOS||99|1,000||1075,000000|537,500000|1075,00|537,50|537,500000|0,00|537,50|0,00|0,00|0,00|0,00|0,00|0,00|0,00|0,00|0,00|0,00|0,00|0,00|0,00|537,50|0,00|0,00|537,50|0,00|N|27/05/12 PARCELA 01/02|5949|||||
13|3473|C|4173|1|9999|PUBLICACAO DE ANUNCIOS||99|1,000||1075,000000|537,500000|1075,00|537,50|537,500000|0,00|537,50|0,00|0,00|0,00|0,00|0,00|0,00|0,00|0,00|0,00|0,00|0,00|0,00|0,00|537,50|0,00|0,00|537,50|0,00|N|27/05/12 PARCELA 02/02|5949|||||
13|3474|C|24709|1|9999|PUBLICACAO DE ANUNCIOS||99|1,000||716,670000|358,000000|716,67|358,00|358,670000|0,00|358,00|0,00|0,00|0,00|0,00|0,00|0,00|0,00|0,00|0,00|0,00|0,00|0,00|0,00|358,00|0,00|0,00|358,00|0,00|N|27/05/12 PARCELA 01/03|5949|||||
13|3475|C|24709|1|9999|PUBLICACAO DE ANUNCIOS||99|1,000||716,670000|358,000000|716,67|358,00|358,670000|0,00|358,00|0,00|0,00|0,00|0,00|0,00|0,00|0,00|0,00|0,00|0,00|0,00|0,00|0,00|358,00|0,00|0,00|358,00|0,00|N|27/05/2012  PARCELA 02/03|5949|||||
13|3476|C|24709|1|9999|PUBLICACAO DE ANUNCIOS||99|1,000||716,670000|358,000000|716,67|358,00|358,670000|0,00|358,00|0,00|0,00|0,00|0,00|0,00|0,00|0,00|0,00|0,00|0,00|0,00|0,00|0,00|358,00|0,00|0,00|358,00|0,00|N|27/05/2012  PARCELA 03/03|5949|||||
13|3477|C|100108|1|9999|PUBLICACAO DE ANUNCIOS||99|1,000||716,670000|358,330000|716,67|358,33|358,340000|0,00|358,33|0,00|0,00|0,00|0,00|0,00|0,00|0,00|0,00|0,00|0,00|0,00|0,00|0,00|358,33|0,00|0,00|358,33|0,00|N|27/05/12 PARCELA 01/03|5949|||||
13|3478|C|100108|1|9999|PUBLICACAO DE ANUNCIOS||99|1,000||716,670000|358,330000|716,67|358,33|358,340000|0,00|358,33|0,00|0,00|0,00|0,00|0,00|0,00|0,00|0,00|0,00|0,00|0,00|0,00|0,00|358,33|0,00|0,00|358,33|0,00|N|27/05/12 PARCELA 02/03|5949|||||
13|3479|C|100108|1|9999|PUBLICACAO DE ANUNCIOS||99|1,000||716,670000|358,340000|716,67|358,34|358,330000|0,00|358,34|0,00|0,00|0,00|0,00|0,00|0,00|0,00|0,00|0,00|0,00|0,00|0,00|0,00|358,34|0,00|0,00|358,34|0,00|N|27/05/12 PARCELA 03/03|5949|||||
13|3480|C|99571|1|9999|PUBLICACAO DE ANUNCIOS||99|1,000||2183,330000|866,670000|2183,33|866,67|1316,660000|0,00|866,67|0,00|0,00|0,00|0,00|0,00|0,00|0,00|0,00|0,00|0,00|0,00|0,00|0,00|866,67|0,00|0,00|866,67|0,00|N|27/05/12 PARCELA 01/03|5949|||||
13|3481|C|99571|1|9999|PUBLICACAO DE ANUNCIOS||99|1,000||2183,330000|866,670000|2183,33|866,67|1316,660000|0,00|866,67|0,00|0,00|0,00|0,00|0,00|0,00|0,00|0,00|0,00|0,00|0,00|0,00|0,00|866,67|0,00|0,00|866,67|0,00|N|27/05/12 PARCELA 02/03|5949|||||
13|3482|C|99571|1|9999|PUBLICACAO DE ANUNCIOS||99|1,000||2183,330000|866,660000|2183,33|866,66|1316,670000|0,00|866,66|0,00|0,00|0,00|0,00|0,00|0,00|0,00|0,00|0,00|0,00|0,00|0,00|0,00|866,66|0,00|0,00|866,66|0,00|N|27/05/12 PARCELA 03/03|5949|||||
13|3483|C|67276|1|9999|PUBLICACAO DE ANUNCIOS||99|2,000||91,000000|91,000000|182,00|182,00|0,000000|0,00|182,00|0,00|0,00|0,00|0,00|0,00|0,00|0,00|0,00|0,00|0,00|0,00|0,00|0,00|182,00|0,00|0,00|182,00|0,00|N|12, 13, 15/05/12|5949|||||
13|3484|C|85861|1|9999|PUBLICACAO DE ANUNCIOS||99|12,000||37,000000|37,000000|444,00|444,00|0,000000|0,00|444,00|0,00|0,00|0,00|0,00|0,00|0,00|0,00|0,00|0,00|0,00|0,00|0,00|0,00|444,00|0,00|0,00|444,00|0,00|N|13/05/2012|5949|||||
13|3485|C|97758|1|9999|PUBLICACAO DE ANUNCIOS||99|12,000||27,000000|27,000000|324,00|324,00|0,000000|0,00|324,00|0,00|0,00|0,00|0,00|0,00|0,00|0,00|0,00|0,00|0,00|0,00|0,00|0,00|324,00|0,00|0,00|324,00|0,00|N|12/05/12|5949|||||
13|3486|C|99440|1|9999|PUBLICACAO DE ANUNCIOS||99|12,000||27,000000|27,000000|324,00|324,00|0,000000|0,00|324,00|0,00|0,00|0,00|0,00|0,00|0,00|0,00|0,00|0,00|0,00|0,00|0,00|0,00|324,00|0,00|0,00|324,00|0,00|N|11/05/12|5949|||||
13|3487|C|100183|1|9999|PUBLICACAO DE ANUNCIOS||99|14,000||27,000000|27,000000|378,00|378,00|0,000000|0,00|378,00|0,00|0,00|0,00|0,00|0,00|0,00|0,00|0,00|0,00|0,00|0,00|0,00|0,00|378,00|0,00|0,00|378,00|0,00|N|11/05/12|5949|||||
13|3488|C|95818|1|9999|PUBLICACAO DE ANUNCIOS||99|12,000||27,000000|27,000000|324,00|324,00|0,000000|0,00|324,00|0,00|0,00|0,00|0,00|0,00|0,00|0,00|0,00|0,00|0,00|0,00|0,00|0,00|324,00|0,00|0,00|324,00|0,00|N|11/05/12|5949|||||
13|3489|C|3062|1|9999|PUBLICACAO DE ANUNCIOS||99|96,000||27,000000|6,050000|2592,00|580,80|2011,200000|0,00|580,80|0,00|0,00|0,00|0,00|0,00|0,00|0,00|0,00|0,00|0,00|0,00|0,00|0,00|580,80|0,00|0,00|580,80|0,00|N|10/05/2012|5949|||||
13|3490|C|4734|1|9999|PUBLICACAO DE ANUNCIOS||99|8,000||27,000000|27,000000|216,00|216,00|0,000000|0,00|216,00|0,00|0,00|0,00|0,00|0,00|0,00|0,00|0,00|0,00|0,00|0,00|0,00|0,00|216,00|0,00|0,00|216,00|0,00|N|08/05/12|5949|||||
13|3491|C|1009|1|9999|PUBLICACAO DE ANUNCIOS||99|24,000||3,500000|2,800000|84,00|67,20|0,000000|16,80|67,20|0,00|0,00|0,00|0,00|0,00|0,00|0,00|0,00|0,00|0,00|0,00|0,00|0,00|67,20|0,00|0,00|67,20|0,00|N|10/05/2012|5949|||||
13|3492|C|493|1|9999|PUBLICACAO DE ANUNCIOS||99|40,000||54,000000|43,200000|2160,00|1728,00|0,000000|432,00|1728,00|0,00|0,00|0,00|0,00|0,00|0,00|0,00|0,00|0,00|0,00|0,00|0,00|0,00|1728,00|0,00|0,00|1728,00|0,00|N|13/05/2012 P.I. 005832|5949|||||
13|3493|C|95342|1|9999|PUBLICACAO DE ANUNCIOS||99|78,000||76,923100|76,923100|6000,00|6000,00|0,000000|0,00|6000,00|0,00|0,00|0,00|0,00|0,00|0,00|0,00|0,00|0,00|0,00|0,00|0,00|0,00|6000,00|0,00|0,00|6000,00|0,00|N|08, 15, 22, 29/05/2012|5949|||||
13|3494|C|55415|1|9999|PUBLICACAO DE ANUNCIOS||99|20,000||27,000000|27,000000|540,00|540,00|0,000000|0,00|540,00|0,00|0,00|0,00|0,00|0,00|0,00|0,00|0,00|0,00|0,00|0,00|0,00|0,00|540,00|0,00|0,00|540,00|0,00|N|11/05/2012|5949|||||
13|3495|C|78332|1|9999|PUBLICACAO DE ANUNCIOS||99|208,000||10,096200|10,096200|2100,00|2100,00|0,000000|0,00|2100,00|0,00|0,00|0,00|0,00|0,00|0,00|0,00|0,00|0,00|0,00|0,00|0,00|0,00|2100,00|0,00|0,00|2100,00|0,00|N|05, 12, 19, 26/05/12|5949|||||
13|3496|C|78332|1|9999|PUBLICACAO DE ANUNCIOS||99|15,000||276,000000|96,600000|4140,00|1449,00|2691,000000|0,00|1449,00|0,00|0,00|0,00|0,00|0,00|0,00|0,00|0,00|0,00|0,00|0,00|0,00|0,00|1449,00|0,00|0,00|1449,00|0,00|N|13/05/12|5949|||||
13|3497|C|2107|1|9999|PUBLICACAO DE ANUNCIOS||99|1,000||2485,000000|2485,000000|2485,00|2485,00|0,000000|0,00|2485,00|0,00|0,00|0,00|0,00|0,00|0,00|0,00|0,00|0,00|0,00|0,00|0,00|0,00|2485,00|0,00|0,00|2485,00|0,00|N|27/05/2012 PARCELA 01/03|5949|||||
13|3498|C|2107|1|9999|PUBLICACAO DE ANUNCIOS||99|1,000||400,000000|400,000000|400,00|400,00|0,000000|0,00|400,00|0,00|0,00|0,00|0,00|0,00|0,00|0,00|0,00|0,00|0,00|0,00|0,00|0,00|400,00|0,00|0,00|400,00|0,00|N|27/05/2012 PARCELA 02/03|5949|||||
13|3499|C|2107|1|9999|PUBLICACAO DE ANUNCIOS||99|1,000||400,000000|400,000000|400,00|400,00|0,000000|0,00|400,00|0,00|0,00|0,00|0,00|0,00|0,00|0,00|0,00|0,00|0,00|0,00|0,00|0,00|400,00|0,00|0,00|400,00|0,00|N|27/05/2012 PARCELA 03/03|5949|||||
13|3500|C|100136|1|9999|PUBLICACAO DE ANUNCIOS||99|10,000||204,500000|60,000000|2045,00|600,00|1445,000000|0,00|600,00|0,00|0,00|0,00|0,00|0,00|0,00|0,00|0,00|0,00|0,00|0,00|0,00|0,00|600,00|0,00|0,00|600,00|0,00|N|13/05/12|5949|||||
13|3501|C|24500|1|9999|PUBLICACAO DE ANUNCIOS||99|16,000||1159,000000|249,480000|18544,00|3991,68|13554,400000|997,92|3991,68|0,00|0,00|0,00|0,00|0,00|0,00|0,00|0,00|0,00|0,00|0,00|0,00|0,00|3991,68|0,00|0,00|3991,68|0,00|N|18, 25/05/2012 P.I. 124512|5949|||||
13|3502|C|24500|1|9999|PUBLICACAO DE ANUNCIOS||99|312,000||197,600000|36,790700|61651,20|11478,70|47302,820000|2869,68|11478,70|0,00|0,00|0,00|0,00|0,00|0,00|0,00|0,00|0,00|0,00|0,00|0,00|0,00|11478,70|0,00|0,00|11478,70|0,00|N|18, 25/05/2012 P.I. 124825|5949|||||
13|3503|C|100220|1|9999|PUBLICACAO DE ANUNCIOS||99|312,000||98,800000|39,520500|30825,60|12330,40|15412,600000|3082,60|12330,40|0,00|0,00|0,00|0,00|0,00|0,00|0,00|0,00|0,00|0,00|0,00|0,00|0,00|12330,40|0,00|0,00|12330,40|0,00|N|18/05/12 P.I. 547.079|5949|||||
13|3504|C|91361|1|9999|PUBLICACAO DE ANUNCIOS||99|312,000||98,800000|25,116000|30825,60|7836,19|21030,360000|1959,05|7836,19|0,00|0,00|0,00|0,00|0,00|0,00|0,00|0,00|0,00|0,00|0,00|0,00|0,00|7836,19|0,00|0,00|7836,19|0,00|N|17/05/12 P.I. 80.464|6949|||||
13|3505|C|62555|1|9999|PUBLICACAO DE ANUNCIOS||99|78,000||99,450000|46,644000|7757,10|3638,23|3209,310000|909,56|3638,23|0,00|0,00|0,00|0,00|0,00|0,00|0,00|0,00|0,00|0,00|0,00|0,00|0,00|3638,23|0,00|0,00|3638,23|0,00|N|17, 24, 31/05/12 P.I. 003859|5949|||||
13|3506|C|1531|1|9999|PUBLICACAO DE ANUNCIOS||99|216,000||27,000000|5,825900|5832,00|1258,40|4573,600000|0,00|1258,40|0,00|0,00|0,00|0,00|0,00|0,00|0,00|0,00|0,00|0,00|0,00|0,00|0,00|1258,40|0,00|0,00|1258,40|0,00|N|10/02/2012|5949|||||
13|3507|C|1531|1|9999|PUBLICACAO DE ANUNCIOS||99|156,000||27,000000|6,048700|4212,00|943,60|3268,400000|0,00|943,60|0,00|0,00|0,00|0,00|0,00|0,00|0,00|0,00|0,00|0,00|0,00|0,00|0,00|943,60|0,00|0,00|943,60|0,00|N|17/05/12|5949|||||
13|3508|C|100311|1|9999|PUBLICACAO DE ANUNCIOS||99|312,000||37,700000|32,500000|11762,40|10140,00|1622,400000|0,00|10140,00|0,00|0,00|0,00|0,00|0,00|0,00|0,00|0,00|0,00|0,00|0,00|0,00|0,00|10140,00|0,00|0,00|10140,00|0,00|N|19, 20, 27/05/12|5949|||||
13|3508|C|100311|2|9999|PUBLICACAO DE ANUNCIOS||99|156,000||57,200000|57,200000|8923,20|8923,20|0,000000|0,00|8923,20|0,00|0,00|0,00|0,00|0,00|0,00|0,00|0,00|0,00|0,00|0,00|0,00|0,00|8923,20|0,00|0,00|8923,20|0,00|N|24, 26, 31/05/2012, 02, 03, 07/06/2012|5949|||||
13|3509|C|96525|1|9999|PUBLICACAO DE ANUNCIOS||99|12,000||27,000000|27,000000|324,00|324,00|0,000000|0,00|324,00|0,00|0,00|0,00|0,00|0,00|0,00|0,00|0,00|0,00|0,00|0,00|0,00|0,00|324,00|0,00|0,00|324,00|0,00|N|19/05/12|5949|||||
13|3510|C|91849|1|9999|PUBLICACAO DE ANUNCIOS||99|4,000||27,000000|27,000000|108,00|108,00|0,000000|0,00|108,00|0,00|0,00|0,00|0,00|0,00|0,00|0,00|0,00|0,00|0,00|0,00|0,00|0,00|108,00|0,00|0,00|108,00|0,00|N|17/05/12|5949|||||
13|3511|C|99972|1|9999|PUBLICACAO DE ANUNCIOS||99|2,000||27,000000|27,000000|54,00|54,00|0,000000|0,00|54,00|0,00|0,00|0,00|0,00|0,00|0,00|0,00|0,00|0,00|0,00|0,00|0,00|0,00|54,00|0,00|0,00|54,00|0,00|N|10/05/12|5949|||||
13|3512|C|824|1|9999|PUBLICACAO DE ANUNCIOS||99|100,000||128,700000|128,700000|12870,00|12870,00|0,000000|0,00|12870,00|0,00|0,00|0,00|0,00|0,00|0,00|0,00|0,00|0,00|0,00|0,00|0,00|0,00|12870,00|0,00|0,00|12870,00|0,00|N|05, 06, 10, 12, 13, 17, 19, 20, 24, 26, 27, 31/05/12, 02/06/2012|5949|||||
13|3513|C|670|1|9999|PUBLICACAO DE ANUNCIOS||99|20,000||30,140000|30,140000|602,80|602,80|0,000000|0,00|602,80|0,00|0,00|0,00|0,00|0,00|0,00|0,00|0,00|0,00|0,00|0,00|0,00|0,00|602,80|0,00|0,00|602,80|0,00|N|10, 13, 17, 24, 27, 31/05/12|5949|||||
13|3514|C|99750|1|9999|PUBLICACAO DE ANUNCIOS||99|70,000||17,750000|15,975000|1242,50|1118,25|124,250000|0,00|1118,25|0,00|0,00|0,00|0,00|0,00|0,00|0,00|0,00|0,00|0,00|0,00|0,00|0,00|1118,25|0,00|0,00|1118,25|0,00|N|13/05/2012 PARCELA 01/02|5949|||||
13|3515|C|99750|1|9999|PUBLICACAO DE ANUNCIOS||99|70,000||17,750000|15,975000|1242,50|1118,25|124,250000|0,00|1118,25|0,00|0,00|0,00|0,00|0,00|0,00|0,00|0,00|0,00|0,00|0,00|0,00|0,00|1118,25|0,00|0,00|1118,25|0,00|N|13/05/2012|5949|||||
13|3516|C|99807|1|9999|PUBLICACAO DE ANUNCIOS||99|40,000||26,000000|7,800000|1040,00|312,00|728,000000|0,00|312,00|0,00|0,00|0,00|0,00|0,00|0,00|0,00|0,00|0,00|0,00|0,00|0,00|0,00|312,00|0,00|0,00|312,00|0,00|N|13/05/2012|5949|||||
13|3517|C|99905|1|9999|PUBLICACAO DE ANUNCIOS||99|1,000||716,670000|430,000000|716,67|430,00|286,670000|0,00|430,00|0,00|0,00|0,00|0,00|0,00|0,00|0,00|0,00|0,00|0,00|0,00|0,00|0,00|430,00|0,00|0,00|430,00|0,00|N|27/05/2012 P.I. 262/2012 PARCELA 01/03|5949|||||
13|3518|C|99905|1|9999|PUBLICACAO DE ANUNCIOS||99|1,000||716,670000|430,000000|716,67|430,00|286,670000|0,00|430,00|0,00|0,00|0,00|0,00|0,00|0,00|0,00|0,00|0,00|0,00|0,00|0,00|0,00|430,00|0,00|0,00|430,00|0,00|N|27/05/2012 P.I. 262/2012 PARCELA 02/03|5949|||||
13|3519|C|99905|1|9999|PUBLICACAO DE ANUNCIOS||99|1,000||716,670000|430,000000|716,67|430,00|286,670000|0,00|430,00|0,00|0,00|0,00|0,00|0,00|0,00|0,00|0,00|0,00|0,00|0,00|0,00|0,00|430,00|0,00|0,00|430,00|0,00|N|27/05/2012 P.I. 262/2012 PARCELA 03/03|5949|||||
13|3520|C|69457|1|9999|PUBLICACAO DE ANUNCIOS||99|72,000||27,000000|4,369400|1944,00|314,60|1629,400000|0,00|314,60|0,00|0,00|0,00|0,00|0,00|0,00|0,00|0,00|0,00|0,00|0,00|0,00|0,00|314,60|0,00|0,00|314,60|0,00|N|15/05/2012|5949|||||
13|3521|C|53136|1|9999|PUBLICACAO DE ANUNCIOS||99|1,000||716,670000|358,340000|716,67|358,34|358,330000|0,00|358,34|0,00|0,00|0,00|0,00|0,00|0,00|0,00|0,00|0,00|0,00|0,00|0,00|0,00|358,34|0,00|0,00|358,34|0,00|N|27/05/12 parcela 01/03|5949|||||
13|3522|C|53136|1|9999|PUBLICACAO DE ANUNCIOS||99|1,000||716,670000|358,330000|716,67|358,33|358,340000|0,00|358,33|0,00|0,00|0,00|0,00|0,00|0,00|0,00|0,00|0,00|0,00|0,00|0,00|0,00|358,33|0,00|0,00|358,33|0,00|N|27/05/12 parcela 02/03|5949|||||
13|3523|C|53136|1|9999|PUBLICACAO DE ANUNCIOS||99|1,000||716,670000|358,330000|716,67|358,33|358,340000|0,00|358,33|0,00|0,00|0,00|0,00|0,00|0,00|0,00|0,00|0,00|0,00|0,00|0,00|0,00|358,33|0,00|0,00|358,33|0,00|N|27/05/12 parcela 03/03|5949|||||
13|3524|C|1009|1|9999|PUBLICACAO DE ANUNCIOS||99|80,000||52,000000|5,760000|4160,00|460,80|3584,000000|115,20|460,80|0,00|0,00|0,00|0,00|0,00|0,00|0,00|0,00|0,00|0,00|0,00|0,00|0,00|460,80|0,00|0,00|460,80|0,00|N|13, 20/05/12|5949|||||
13|3525|C|1089|1|9999|PUBLICACAO DE ANUNCIOS||99|1,000||148500,000000|1200,000000|148500,00|1200,00|147000,000000|300,00|1200,00|0,00|0,00|0,00|0,00|0,00|0,00|0,00|0,00|0,00|0,00|0,00|0,00|0,00|1200,00|0,00|0,00|1200,00|0,00|N|11, 12, 13, 14, 15, 16, 17, 18, 19, 20, 21, 22, 23, 24, 25, 26, 27, 28, 29, 30, 31/05/12, 01, 02, 03, 04, 05, 06, 07, 08, 09, 10/06/12|5949|||||
13|3526|C|87144|1|9999|PUBLICACAO DE ANUNCIOS||99|1,000||1083,330000|496,000000|1083,33|496,00|463,330000|124,00|496,00|0,00|0,00|0,00|0,00|0,00|0,00|0,00|0,00|0,00|0,00|0,00|0,00|0,00|496,00|0,00|0,00|496,00|0,00|N|27/05/12 parcela 01/03|5949|||||
13|3527|C|87144|1|9999|PUBLICACAO DE ANUNCIOS||99|1,000||1083,330000|480,000000|1083,33|480,00|483,330000|120,00|480,00|0,00|0,00|0,00|0,00|0,00|0,00|0,00|0,00|0,00|0,00|0,00|0,00|0,00|480,00|0,00|0,00|480,00|0,00|N|27/05/12 parcela 02/03|5949|||||
13|3528|C|87144|1|9999|PUBLICACAO DE ANUNCIOS||99|1,000||1083,330000|480,000000|1083,33|480,00|483,330000|120,00|480,00|0,00|0,00|0,00|0,00|0,00|0,00|0,00|0,00|0,00|0,00|0,00|0,00|0,00|480,00|0,00|0,00|480,00|0,00|N|27/05/12 parcela 03/03|5949|||||
13|3529|C|60781|1|9999|PUBLICACAO DE ANUNCIOS||99|320,000||106,600000|33,280000|34112,00|10649,60|20800,000000|2662,40|10649,60|0,00|0,00|0,00|0,00|0,00|0,00|0,00|0,00|0,00|0,00|0,00|0,00|0,00|10649,60|0,00|0,00|10649,60|0,00|N|05,10,12,17/05/2012  P.I. 012821|5949|||||
13|3530|C|58555|1|9999|PUBLICACAO DE ANUNCIOS||99|2,000||500,000000|300,000000|1000,00|600,00|400,000000|0,00|600,00|0,00|0,00|0,00|0,00|0,00|0,00|0,00|0,00|0,00|0,00|0,00|0,00|0,00|600,00|0,00|0,00|600,00|0,00|N|27/05/12|5949|||||
13|3531|C|47880|1|9999|PUBLICACAO DE ANUNCIOS||99|156,000||45,500000|27,300000|4258,80|4258,80|2839,200000|0,00|4258,80|0,00|0,00|0,00|0,00|0,00|0,00|0,00|0,00|0,00|0,00|0,00|0,00|0,00|4258,80|0,00|0,00|4258,80|0,00|N|13/05/12|5949|||||
13|3532|C|70154|1|9999|PUBLICACAO DE ANUNCIOS||99|1,000||76000,000000|1280,000000|76000,00|1280,00|74400,000000|320,00|1280,00|0,00|0,00|0,00|0,00|0,00|0,00|0,00|0,00|0,00|0,00|0,00|0,00|0,00|1280,00|0,00|0,00|1280,00|0,00|N|09, 10, 11, 12, 13, 14, 15, 16, 17, 18, 19, 20, 21, 22, 23, 25, 26, 27, 28, 29, 30, 31/05/12, 01, 02, 03, 04, 05, 06, 07/06/12|5949|||||
13|3533|C|85919|1|9999|PUBLICACAO DE ANUNCIOS||99|72,000||72,000000|19,413300|1747,20|1397,76|3436,800000|349,44|1397,76|0,00|0,00|0,00|0,00|0,00|0,00|0,00|0,00|0,00|0,00|0,00|0,00|0,00|1397,76|0,00|0,00|1397,76|0,00|N|03, 05, 08, 10, 12, 15, 17, 19, 22, 24, 26, 29/05/12|5949|||||
13|3534|C|100137|1|9999|PUBLICACAO DE ANUNCIOS||99|1,000||1083,330000|500,000000|1083,33|500,00|583,330000|0,00|500,00|0,00|0,00|0,00|0,00|0,00|0,00|0,00|0,00|0,00|0,00|0,00|0,00|0,00|500,00|0,00|0,00|500,00|0,00|N|27/05/12 parcela 01/03|5949|||||
13|3535|C|100137|1|9999|PUBLICACAO DE ANUNCIOS||99|1,000||1083,330000|500,000000|1083,33|500,00|583,330000|0,00|500,00|0,00|0,00|0,00|0,00|0,00|0,00|0,00|0,00|0,00|0,00|0,00|0,00|0,00|500,00|0,00|0,00|500,00|0,00|N|27/05/2012 parcela 02/03|5949|||||
13|3536|C|100137|1|9999|PUBLICACAO DE ANUNCIOS||99|1,000||1083,330000|500,000000|1083,33|500,00|583,330000|0,00|500,00|0,00|0,00|0,00|0,00|0,00|0,00|0,00|0,00|0,00|0,00|0,00|0,00|0,00|500,00|0,00|0,00|500,00|0,00|N|27/05/2012 parecela 03/03|5949|||||
13|3537|C|97949|1|9999|PUBLICACAO DE ANUNCIOS||99|1,000||1083,330000|500,000000|1083,33|500,00|583,330000|0,00|500,00|0,00|0,00|0,00|0,00|0,00|0,00|0,00|0,00|0,00|0,00|0,00|0,00|0,00|500,00|0,00|0,00|500,00|0,00|N|27/05/2012 parcela 01/03|5949|||||
13|3538|C|97949|1|9999|PUBLICACAO DE ANUNCIOS||99|1,000||1083,330000|500,000000|1083,33|500,00|583,330000|0,00|500,00|0,00|0,00|0,00|0,00|0,00|0,00|0,00|0,00|0,00|0,00|0,00|0,00|0,00|500,00|0,00|0,00|500,00|0,00|N|27/05/2012 parcela 02/03|5949|||||
13|3539|C|97949|1|9999|PUBLICACAO DE ANUNCIOS||99|1,000||1083,330000|450,000000|1083,33|450,00|633,330000|0,00|450,00|0,00|0,00|0,00|0,00|0,00|0,00|0,00|0,00|0,00|0,00|0,00|0,00|0,00|450,00|0,00|0,00|450,00|0,00|N|27/05/2012 parcela 03/03|5949|||||
13|3540|C|1009|1|9999|PUBLICACAO DE ANUNCIOS||99|80,000||7,200000|5,760000|576,00|460,80|0,000000|115,20|460,80|0,00|0,00|0,00|0,00|0,00|0,00|0,00|0,00|0,00|0,00|0,00|0,00|0,00|460,80|0,00|0,00|460,80|0,00|N|27/05/2012, 03/06/2012|5949|||||
13|3541|C|1009|1|9999|PUBLICACAO DE ANUNCIOS||99|24,000||4,510000|3,607900|108,24|86,59|0,000000|21,65|86,59|0,00|0,00|0,00|0,00|0,00|0,00|0,00|0,00|0,00|0,00|0,00|0,00|0,00|86,59|0,00|0,00|86,59|0,00|N|13/05/2012|5949|||||
13|3542|C|2221|1|9999|PUBLICACAO DE ANUNCIOS||99|20,000||36,500000|29,200000|730,00|584,00|0,000000|146,00|584,00|0,00|0,00|0,00|0,00|0,00|0,00|0,00|0,00|0,00|0,00|0,00|0,00|0,00|584,00|0,00|0,00|584,00|0,00|N|13, 17, 20, 24, 27, 31/05/2012, 03, 10, 14/06/2012 P.I. 263/2012|5949|||||
13|3543|C|11219|1|9999|PUBLICACAO DE ANUNCIOS||99|260,000||26,650000|11,538500|6929,00|3000,00|3929,000000|0,00|3000,00|0,00|0,00|0,00|0,00|0,00|0,00|0,00|0,00|0,00|0,00|0,00|0,00|0,00|3000,00|0,00|0,00|3000,00|0,00|N|17/05/12|5949|||||
13|3544|C|91682|1|9999|PUBLICACAO DE ANUNCIOS||99|16,000||138,000000|54,000000|2208,00|864,00|1344,000000|0,00|864,00|0,00|0,00|0,00|0,00|0,00|0,00|0,00|0,00|0,00|0,00|0,00|0,00|0,00|864,00|0,00|0,00|864,00|0,00|N|17, 20, 22/05/12|5949|||||
13|3545|C|1009|1|9999|PUBLICACAO DE ANUNCIOS||99|24,000||3,500000|2,800000|84,00|67,20|0,000000|16,80|67,20|0,00|0,00|0,00|0,00|0,00|0,00|0,00|0,00|0,00|0,00|0,00|0,00|0,00|67,20|0,00|0,00|67,20|0,00|N|17/05/2012|5949|||||
13|3546|C|47880|1|9999|PUBLICACAO DE ANUNCIOS||99|70,000||35,500000|28,400000|2485,00|1988,00|0,000000|497,00|1988,00|0,00|0,00|0,00|0,00|0,00|0,00|0,00|0,00|0,00|0,00|0,00|0,00|0,00|1988,00|0,00|0,00|1988,00|0,00|N|20/05/12|5949|||||
13|3547|C|100243|1|9999|PUBLICACAO DE ANUNCIOS||99|30,000||18,400000|14,720000|552,00|441,60|0,000000|110,40|441,60|0,00|0,00|0,00|0,00|0,00|0,00|0,00|0,00|0,00|0,00|0,00|0,00|0,00|441,60|0,00|0,00|441,60|0,00|N|17, 19, 20, 24, 26, 27, 31/05/2012|5949|||||
13|3548|C|15668|1|9999|PUBLICACAO DE ANUNCIOS||99|140,000||32,000000|8,520000|4480,00|1192,80|3287,200000|0,00|1192,80|0,00|0,00|0,00|0,00|0,00|0,00|0,00|0,00|0,00|0,00|0,00|0,00|0,00|1192,80|0,00|0,00|1192,80|0,00|N|20/05/12|5949|||||
13|3549|C|475|1|9999|PUBLICACAO DE ANUNCIOS||99|20,000||276,000000|200,000000|5520,00|4000,00|1520,000000|0,00|4000,00|0,00|0,00|0,00|0,00|0,00|0,00|0,00|0,00|0,00|0,00|0,00|0,00|0,00|4000,00|0,00|0,00|4000,00|0,00|N|19/05/2012|5949|||||
13|3550|C|87111|1|9999|PUBLICACAO DE ANUNCIOS||99|4,000||414,000000|200,000000|1656,00|800,00|856,000000|0,00|800,00|0,00|0,00|0,00|0,00|0,00|0,00|0,00|0,00|0,00|0,00|0,00|0,00|0,00|800,00|0,00|0,00|800,00|0,00|N|19/05/12|5949|||||
13|3551|C|87111|1|9999|PUBLICACAO DE ANUNCIOS||99|14,000||414,000000|210,000000|5796,00|2940,00|2856,000000|0,00|2940,00|0,00|0,00|0,00|0,00|0,00|0,00|0,00|0,00|0,00|0,00|0,00|0,00|0,00|2940,00|0,00|0,00|2940,00|0,00|N|20/05/12|5949|||||
13|3552|C|100312|1|9999|PUBLICACAO DE ANUNCIOS||99|20,000||276,000000|138,000000|5520,00|2760,00|2760,000000|0,00|2760,00|0,00|0,00|0,00|0,00|0,00|0,00|0,00|0,00|0,00|0,00|0,00|0,00|0,00|2760,00|0,00|0,00|2760,00|0,00|N|20/05/12|5949|||||
13|3553|C|4663|1|9999|PUBLICACAO DE ANUNCIOS||99|40,000||14,000000|14,000000|560,00|560,00|0,000000|0,00|560,00|0,00|0,00|0,00|0,00|0,00|0,00|0,00|0,00|0,00|0,00|0,00|0,00|0,00|560,00|0,00|0,00|560,00|0,00|N|24,31/05/2012, 07,14/06/2012|5949|||||
13|3553|C|4663|2|9999|PUBLICACAO DE ANUNCIOS||99|144,000||22,500000|22,500000|3240,00|3240,00|0,000000|0,00|3240,00|0,00|0,00|0,00|0,00|0,00|0,00|0,00|0,00|0,00|0,00|0,00|0,00|0,00|3240,00|0,00|0,00|3240,00|0,00|N|20,27/05/2012, 03,10/06/2012|5949|||||
13|3554|C|867|1|9999|PUBLICACAO DE ANUNCIOS||99|78,000||2,871800|2,297400|224,00|179,20|0,000000|44,80|179,20|0,00|0,00|0,00|0,00|0,00|0,00|0,00|0,00|0,00|0,00|0,00|0,00|0,00|179,20|0,00|0,00|179,20|0,00|N|20,24,27,31/05/2012|5949|||||
13|3555|C|1009|1|9999|PUBLICACAO DE ANUNCIOS||99|24,000||4,510000|3,607900|108,24|86,59|0,000000|21,65|86,59|0,00|0,00|0,00|0,00|0,00|0,00|0,00|0,00|0,00|0,00|0,00|0,00|0,00|86,59|0,00|0,00|86,59|0,00|N|20/05/2012|5949|||||
13|3556|C|100270|1|9999|PUBLICACAO DE ANUNCIOS||99|140,000||36,500000|25,475000|5110,00|3566,50|1543,500000|0,00|3566,50|0,00|0,00|0,00|0,00|0,00|0,00|0,00|0,00|0,00|0,00|0,00|0,00|0,00|3566,50|0,00|0,00|3566,50|0,00|N|24, 26/05/12|5949|||||
13|3557|C|100270|1|9999|PUBLICACAO DE ANUNCIOS||99|140,000||25,475000|25,475000|3566,50|3566,50|0,000000|0,00|3566,50|0,00|0,00|0,00|0,00|0,00|0,00|0,00|0,00|0,00|0,00|0,00|0,00|0,00|3566,50|0,00|0,00|3566,50|0,00|N|20,27/05/2012|5949|||||
13|3558|C|11219|1|9999|PUBLICACAO DE ANUNCIOS||99|45,000||44,844400|22,222200|2018,00|1000,00|1018,000000|0,00|1000,00|0,00|0,00|0,00|0,00|0,00|0,00|0,00|0,00|0,00|0,00|0,00|0,00|0,00|1000,00|0,00|0,00|1000,00|0,00|N|01/05/2012|6949|||||
13|3559|C|488|1|9999|PUBLICACAO DE ANUNCIOS||99|90,000||47,777800|38,222200|4300,00|3440,00|0,000000|860,00|3440,00|0,00|0,00|0,00|0,00|0,00|0,00|0,00|0,00|0,00|0,00|0,00|0,00|0,00|3440,00|0,00|0,00|3440,00|0,00|N|17, 21, 24, 28, 31/05/2012 - P.I n. 685/12|6949|||||
13|3560|C|475|1|9999|PUBLICACAO DE ANUNCIOS||99|2,000||656,250000|208,000000|1312,50|416,00|896,500000|0,00|416,00|0,00|0,00|0,00|0,00|0,00|0,00|0,00|0,00|0,00|0,00|0,00|0,00|0,00|416,00|0,00|0,00|416,00|0,00|N|19/05/2012|6949|||||
13|3561|C|18477|1|9999|PUBLICACAO DE ANUNCIOS||99|90,000||104,000000|10,400000|9360,00|936,00|8424,000000|0,00|936,00|0,00|0,00|0,00|0,00|0,00|0,00|0,00|0,00|0,00|0,00|0,00|0,00|0,00|936,00|0,00|0,00|936,00|0,00|N|19/05/2012|6949|||||
13|3562|C|47880|1|9999|PUBLICACAO DE ANUNCIOS||99|156,000||45,500000|21,840000|7098,00|3407,04|2839,200000|851,76|3407,04|0,00|0,00|0,00|0,00|0,00|0,00|0,00|0,00|0,00|0,00|0,00|0,00|0,00|3407,04|0,00|0,00|3407,04|0,00|N|13/05/2012|5949|||||
13|3563|C|91400|1|9999|PUBLICACAO DE ANUNCIOS||99|72,000||72,000000|19,413300|5184,00|1397,76|3436,800000|349,44|1397,76|0,00|0,00|0,00|0,00|0,00|0,00|0,00|0,00|0,00|0,00|0,00|0,00|0,00|1397,76|0,00|0,00|1397,76|0,00|N|03, 05, 08, 10, 12, 15, 17, 19, 22, 24, 26, 29/05/12|5949|||||
13|3564|C|7683|1|9999|PUBLICACAO DE ANUNCIOS||99|78,000||35,000000|35,000000|2730,00|2730,00|0,000000|0,00|2730,00|0,00|0,00|0,00|0,00|0,00|0,00|0,00|0,00|0,00|0,00|0,00|0,00|0,00|2730,00|0,00|0,00|2730,00|0,00|N|13/05/12|5949|||||
13|3565|C|480|1|9999|PUBLICACAO DE ANUNCIOS||99|60,000||91,000000|58,240000|5460,00|3494,40|1092,000000|873,60|3494,40|0,00|0,00|0,00|0,00|0,00|0,00|0,00|0,00|0,00|0,00|0,00|0,00|0,00|3494,40|0,00|0,00|3494,40|0,00|N|20, 27/05/12 P.I. 005853|5949|||||
13|3566|C|803|1|9999|PUBLICACAO DE ANUNCIOS||99|20,000||40,000000|30,000000|800,00|600,00|200,000000|0,00|600,00|0,00|0,00|0,00|0,00|0,00|0,00|0,00|0,00|0,00|0,00|0,00|0,00|0,00|600,00|0,00|0,00|600,00|0,00|N|20, 27/05/2012, 03, 10, 17/06/2012|5949|||||
13|3567|C|3062|1|9999|PUBLICACAO DE ANUNCIOS||99|72,000||5,377800|5,377800|387,20|387,20|0,000000|0,00|387,20|0,00|0,00|0,00|0,00|0,00|0,00|0,00|0,00|0,00|0,00|0,00|0,00|0,00|387,20|0,00|0,00|387,20|0,00|N|19/05/12|5949|||||
13|3568|C|1611|1|9999|PUBLICACAO DE ANUNCIOS||99|20,000||30,000000|30,000000|600,00|600,00|0,000000|0,00|600,00|0,00|0,00|0,00|0,00|0,00|0,00|0,00|0,00|0,00|0,00|0,00|0,00|0,00|600,00|0,00|0,00|600,00|0,00|N|20, 27/05/2012, 03, 10, 17/06/2012|5949|||||
13|3569|C|1914|1|9999|PUBLICACAO DE ANUNCIOS||99|20,000||30,000000|30,000000|600,00|600,00|0,000000|0,00|600,00|0,00|0,00|0,00|0,00|0,00|0,00|0,00|0,00|0,00|0,00|0,00|0,00|0,00|600,00|0,00|0,00|600,00|0,00|N|20, 27/05/2012, 03, 10, 17/06/2012|5949|||||
13|3570|C|80499|1|9999|PUBLICACAO DE ANUNCIOS||99|12,000||27,000000|27,000000|324,00|324,00|0,000000|0,00|324,00|0,00|0,00|0,00|0,00|0,00|0,00|0,00|0,00|0,00|0,00|0,00|0,00|0,00|324,00|0,00|0,00|324,00|0,00|N|23/05/12|5949|||||
13|3571|C|69457|1|9999|PUBLICACAO DE ANUNCIOS||99|66,000||27,000000|4,393900|1782,00|290,00|1492,000000|0,00|290,00|0,00|0,00|0,00|0,00|0,00|0,00|0,00|0,00|0,00|0,00|0,00|0,00|0,00|290,00|0,00|0,00|290,00|0,00|N|22/05/2012|5949|||||
13|3572|C|100163|1|9999|PUBLICACAO DE ANUNCIOS||99|12,000||54,000000|43,200000|648,00|518,40|0,000000|129,60|518,40|0,00|0,00|0,00|0,00|0,00|0,00|0,00|0,00|0,00|0,00|0,00|0,00|0,00|518,40|0,00|0,00|518,40|0,00|N|10, 11/05/12|5949|||||
13|3573|C|100172|1|9999|PUBLICACAO DE ANUNCIOS||99|3,000||81,000000|81,000000|243,00|243,00|0,000000|0,00|243,00|0,00|0,00|0,00|0,00|0,00|0,00|0,00|0,00|0,00|0,00|0,00|0,00|0,00|243,00|0,00|0,00|243,00|0,00|N|10, 11, 12/05/12 P.I. 256/2012|5949|||||
13|3574|C|85861|1|9999|PUBLICACAO DE ANUNCIOS||99|12,000||27,000000|27,000000|324,00|324,00|0,000000|0,00|324,00|0,00|0,00|0,00|0,00|0,00|0,00|0,00|0,00|0,00|0,00|0,00|0,00|0,00|324,00|0,00|0,00|324,00|0,00|N|09/05/2012|5949|||||
13|3574|C|85861|2|9999|PUBLICACAO DE ANUNCIOS||99|12,000||37,000000|37,000000|444,00|444,00|0,000000|0,00|444,00|0,00|0,00|0,00|0,00|0,00|0,00|0,00|0,00|0,00|0,00|0,00|0,00|0,00|444,00|0,00|0,00|444,00|0,00|N|13/05/2012|5949|||||
13|3575|C|1891|1|9999|PUBLICACAO DE ANUNCIOS||99|20,000||30,250000|30,250000|605,00|605,00|0,000000|0,00|605,00|0,00|0,00|0,00|0,00|0,00|0,00|0,00|0,00|0,00|0,00|0,00|0,00|0,00|605,00|0,00|0,00|605,00|0,00|N|03, 06, 13, 20, 27/05/12|5949|||||
13|3576|C|93161|1|9999|PUBLICACAO DE ANUNCIOS||99|1,000||23291,430000|23291,430000|23291,43|23291,43|0,000000|0,00|23291,43|0,00|0,00|0,00|0,00|0,00|0,00|0,00|0,00|0,00|0,00|0,00|0,00|0,00|23291,43|0,00|0,00|23291,43|0,00|N|REFERENTE A COMISSAO ANUNCIOS VEICULADOS|5949|||||
13|3577|C|91361|1|9999|PUBLICACAO DE ANUNCIOS||99|312,000||98,800000|25,116000|30825,60|7836,19|21030,360000|1959,05|7836,19|0,00|0,00|0,00|0,00|0,00|0,00|0,00|0,00|0,00|0,00|0,00|0,00|0,00|7836,19|0,00|0,00|7836,19|0,00|N|24/05/12 P.I. 80.746|6949|||||
13|3578|C|24500|1|9999|PUBLICACAO DE ANUNCIOS||99|80,000||99,450000|18,395400|7956,00|1471,63|6116,460000|367,91|1471,63|0,00|0,00|0,00|0,00|0,00|0,00|0,00|0,00|0,00|0,00|0,00|0,00|0,00|1471,63|0,00|0,00|1471,63|0,00|N|16, 23, 30/05/12 P.I. 124884|5949|||||
13|3579|C|475|1|9999|PUBLICACAO DE ANUNCIOS||99|260,000||37,050000|4,923100|9633,00|1280,00|8033,000000|320,00|1280,00|0,00|0,00|0,00|0,00|0,00|0,00|0,00|0,00|0,00|0,00|0,00|0,00|0,00|1280,00|0,00|0,00|1280,00|0,00|N|19/05/12 P.I. 004271|5949|||||
13|3580|C|24500|1|9999|PUBLICACAO DE ANUNCIOS||99|312,000||98,800000|18,395400|30825,60|5739,35|23651,410000|1434,84|5739,35|0,00|0,00|0,00|0,00|0,00|0,00|0,00|0,00|0,00|0,00|0,00|0,00|0,00|5739,35|0,00|0,00|5739,35|0,00|N|25/05/12 P.I. 124929|5949|||||
13|3581|C|8603|1|9999|PUBLICACAO DE ANUNCIOS||99|1,000||153,000000|153,000000|153,00|153,00|0,000000|0,00|153,00|0,00|0,00|0,00|0,00|0,00|0,00|0,00|0,00|0,00|0,00|0,00|0,00|0,00|153,00|0,00|0,00|153,00|0,00|N|26/04/2012|5949|||||
13|3582|C|8603|1|9999|PUBLICACAO DE ANUNCIOS||99|1,000||153,000000|153,000000|153,00|153,00|0,000000|0,00|153,00|0,00|0,00|0,00|0,00|0,00|0,00|0,00|0,00|0,00|0,00|0,00|0,00|0,00|153,00|0,00|0,00|153,00|0,00|N|26/04/2012|5949|||||
13|3583|C|8603|1|9999|PUBLICACAO DE ANUNCIOS||99|1,000||108,000000|108,000000|108,00|108,00|0,000000|0,00|108,00|0,00|0,00|0,00|0,00|0,00|0,00|0,00|0,00|0,00|0,00|0,00|0,00|0,00|108,00|0,00|0,00|108,00|0,00|N|26/04/2012|5949|||||
13|3584|C|3803|1|9999|PUBLICACAO DE ANUNCIOS||99|1,000||6020,000000|2408,000000|6020,00|2408,00|3010,000000|602,00|2408,00|0,00|0,00|0,00|0,00|0,00|0,00|0,00|0,00|0,00|0,00|0,00|0,00|0,00|2408,00|0,00|0,00|2408,00|0,00|N|01, 02, 07, 08, 09, 14, 15, 16, 21, 22, 23, 28, 29, 30/05/12 P.I. 595.342|5949|||||
13|3585|C|3803|1|9999|PUBLICACAO DE ANUNCIOS||99|1,000||1734,000000|612,000000|1734,00|612,00|969,000000|153,00|612,00|0,00|0,00|0,00|0,00|0,00|0,00|0,00|0,00|0,00|0,00|0,00|0,00|0,00|612,00|0,00|0,00|612,00|0,00|N|01,02,07,08,09,14,15,16,21,22,23,28,29,30,31/05/12 P.I. 596.339|5949|||||
13|3586|C|3803|1|9999|PUBLICACAO DE ANUNCIOS||99|90,000||98,800000|39,520000|8892,00|3556,80|4446,000000|889,20|3556,80|0,00|0,00|0,00|0,00|0,00|0,00|0,00|0,00|0,00|0,00|0,00|0,00|0,00|3556,80|0,00|0,00|3556,80|0,00|N|22/05/2012  P.I. 598.167|5949|||||
13|3587|C|54866|1|9999|PUBLICACAO DE ANUNCIOS||99|330,000||6,168800|4,935100|2035,71|1628,57|0,000000|407,14|1628,57|0,00|0,00|0,00|0,00|0,00|0,00|0,00|0,00|0,00|0,00|0,00|0,00|0,00|1628,57|0,00|0,00|1628,57|0,00|N|05/05/2012  P.I. 596.370/2|5949|||||
13|3587|C|54866|2|9999|PUBLICACAO DE ANUNCIOS||99|330,000||6,168800|4,935100|2035,71|1628,57|0,000000|407,14|1628,57|0,00|0,00|0,00|0,00|0,00|0,00|0,00|0,00|0,00|0,00|0,00|0,00|0,00|1628,57|0,00|0,00|1628,57|0,00|N|26/05/2012   P.I. 596.370/2|5949|||||
13|3587|C|54866|3|9999|PUBLICACAO DE ANUNCIOS||99|1040,000||4,104600|3,283700|4268,83|3415,06|0,000000|853,77|3415,06|0,00|0,00|0,00|0,00|0,00|0,00|0,00|0,00|0,00|0,00|0,00|0,00|0,00|3415,06|0,00|0,00|3415,06|0,00|N|12/05/2012   P.I. 596.370/2|5949|||||
13|3588|C|3803|1|9999|PUBLICACAO DE ANUNCIOS||99|330,000||53,300000|9,884900|17589,00|3262,03|13511,460000|815,51|3262,03|0,00|0,00|0,00|0,00|0,00|0,00|0,00|0,00|0,00|0,00|0,00|0,00|0,00|3262,03|0,00|0,00|3262,03|0,00|N|05/05/2012   P.I. 596.370/1|5949|||||
13|3588|C|3803|2|9999|PUBLICACAO DE ANUNCIOS||99|1040,000||10,400000|6,577300|10816,00|6840,38|2265,520000|1710,10|6840,38|0,00|0,00|0,00|0,00|0,00|0,00|0,00|0,00|0,00|0,00|0,00|0,00|0,00|6840,38|0,00|0,00|6840,38|0,00|N|12/05/2012 P.I. 596.370/1|5949|||||
13|3588|C|3803|3|9999|PUBLICACAO DE ANUNCIOS||99|330,000||26,650000|9,884900|8794,50|3262,03|4716,960000|815,51|3262,03|0,00|0,00|0,00|0,00|0,00|0,00|0,00|0,00|0,00|0,00|0,00|0,00|0,00|3262,03|0,00|0,00|3262,03|0,00|N|26/05/2012 P.I. 596.370/1|5949|||||
13|38061|C|87111|1|9999|PUBLICACAO DE ANUNCIOS||99|1,000||6550,000000|2500,000000|2500,00|2500,00|4050,000000|0,00|2500,00|0,00|0,00|0,00|0,00|0,00|0,00|0,00|0,00|0,00|0,00|0,00|0,00|0,00|2500,00|0,00|0,00|2500,00|0,00|N|27/05/12|5949|||||
