13|NFS|3258|C|1531|08/05/2012|10/06/2012|1645,60|0,00|1645,60|0,00|1645,60|1645,60||N||||||||||
13|NFS|3259|C|100072|08/05/2012|15/05/2012|4914,00|2414,00|2500,00|0,00|2500,00|2500,00|000031987|N||||||||||
13|NFS|3260|C|100000|08/05/2012|10/05/2012|166,67|56,67|110,00|0,00|110,00|110,00||C|30/04/2012|||||||||
13|NFS|3261|C|100000|08/05/2012|10/06/2012|166,67|56,67|110,00|0,00|110,00|110,00||C|30/04/2012|||||||||
13|NFS|3262|C|100000|08/05/2012|10/07/2012|166,67|56,67|110,00|0,00|110,00|110,00||C|30/04/2012|||||||||
13|NFS|3263|C|99877|08/05/2012|10/05/2012|333,34|93,34|240,00|0,00|240,00|240,00|000031797|N||||||||||
13|NFS|3264|C|99877|08/05/2012|25/05/2012|333,34|103,34|230,00|0,00|230,00|230,00|000031805|N||||||||||
13|NFS|3265|C|99877|08/05/2012|20/06/2012|333,34|103,34|230,00|0,00|230,00|230,00|000031813|N||||||||||
13|NFS|3266|C|100000|08/05/2012|10/05/2012|333,34|113,34|220,00|0,00|220,00|220,00|000031821|N||||||||||
13|NFS|3267|C|100000|08/05/2012|10/06/2012|333,34|113,34|220,00|0,00|220,00|220,00|000031839|N||||||||||
13|NFS|3268|C|100000|08/05/2012|10/07/2012|333,34|113,34|220,00|0,00|220,00|220,00|000031847|N||||||||||
13|NFS|3269|C|499|08/05/2012|15/05/2012|3900,00|1500,00|2400,00|0,00|2400,00|2400,00|000031854|N||||||||||
13|NFS|3270|C|93621|08/05/2012|08/05/2012|486,00|340,20|145,80|0,00|145,80|145,80||N||||||||||
13|NFS|3271|C|97440|09/05/2012|15/05/2012|2183,33|1528,33|655,00|0,00|655,00|655,00|000031870|N||||||||||
13|NFS|3272|C|97440|09/05/2012|15/06/2012|2183,33|1528,33|655,00|0,00|655,00|655,00|000031888|N||||||||||
13|NFS|3273|C|97440|09/05/2012|15/07/2012|2183,33|1528,33|655,00|0,00|655,00|655,00|000031896|N||||||||||
13|NFS|3274|C|36914|09/05/2012|20/05/2012|216,00|0,00|216,00|0,00|216,00|216,00|000031904|C|18/05/2012|||||||||
13|NFS|3276|C|100171|09/05/2012|30/06/2012|27732,90|17841,69|9891,21|0,00|9891,21|9891,21||N||||||||||
13|NFS|3277|C|80284|10/05/2012|10/05/2012|2772,00|0,00|2772,00|554,40|2217,60|2217,60||C|10/05/2012|||||||||
13|NFS|3278|C|80284|10/05/2012|24/05/2012|2772,00|0,00|2772,00|554,40|2217,60|2217,60||C|14/05/2012|||||||||
13|NFS|3279|C|80284|10/05/2012|24/05/2012|3240,00|0,00|3240,00|648,00|2592,00|2592,00|000031912|N||||||||||
13|NFS|3280|C|80284|10/05/2012|24/05/2012|2772,00|0,00|2772,00|554,40|2217,60|2217,60|000031920|N||||||||||
13|NFS|3281|C|827|10/05/2012|05/06/2012|17852,40|12335,16|5517,24|1103,45|4413,79|4413,79|000031938|N||||||||||
13|NFS|3282|C|43053|10/05/2012|30/05/2012|4090,00|1030,00|3060,00|612,00|2448,00|2448,00|000031946|N||||||||||
13|NFS|3283|C|29661|10/05/2012|04/06/2012|324,00|0,00|324,00|64,80|259,20|259,20||N||||||||||
13|NFS|3284|C|91361|10/05/2012|30/05/2012|30825,60|21030,36|9795,24|1959,05|7836,19|7836,19|000031953|N||||||||||
13|NFS|3285|C|62555|10/05/2012|15/06/2012|5171,40|2139,54|3031,86|606,37|2425,49|2425,49|000031961|N||||||||||
13|NFS|3286|C|24500|10/05/2012|15/06/2012|12312,00|5441,94|6870,06|1374,01|5496,05|5496,05||N||||||||||
13|NFS|3287|C|24500|10/05/2012|15/06/2012|9849,60|7354,80|2494,80|498,96|1995,84|1995,84||N||||||||||
13|NFS|3288|C|99893|11/05/2012|20/05/2012|1083,33|433,33|650,00|0,00|650,00|650,00|000031995|N||||||||||
13|NFS|3289|C|99893|11/05/2012|20/06/2012|1083,33|433,33|650,00|0,00|650,00|650,00|000032001|N||||||||||
13|NFS|3290|C|99893|11/05/2012|20/07/2012|1083,33|433,33|650,00|0,00|650,00|650,00|000032019|N||||||||||
13|NFS|3291|C|35016|11/05/2012|20/05/2012|500,00|175,00|325,00|0,00|325,00|325,00|000032027|N||||||||||
13|NFS|3292|C|35016|11/05/2012|20/06/2012|500,00|175,00|325,00|0,00|325,00|325,00|000032035|N||||||||||
13|NFS|3293|C|27049|11/05/2012|26/05/2012|1083,33|465,83|617,50|0,00|617,50|617,50|000034072|N||||||||||
13|NFS|3294|C|27049|11/05/2012|20/06/2012|1083,33|465,83|617,50|0,00|617,50|617,50|000032050|N||||||||||
13|NFS|3295|C|27049|11/05/2012|20/07/2012|1083,33|465,83|617,50|0,00|617,50|617,50|000032068|N||||||||||
13|NFS|3296|C|100072|11/05/2012|30/05/2012|766,67|383,33|383,34|0,00|383,34|383,34|000032076|N||||||||||
13|NFS|3297|C|100072|11/05/2012|30/06/2012|766,67|383,33|383,34|0,00|383,34|383,34|000032084|N||||||||||
13|NFS|3298|C|100072|11/05/2012|30/07/2012|766,67|383,33|383,34|0,00|383,34|383,34|000032092|N||||||||||
13|NFS|3299|C|37223|14/05/2012|15/06/2012|2160,00|0,00|2160,00|432,00|1728,00|1728,00|000032126|N||||||||||
13|NFS|3300|C|70232|14/05/2012|20/06/2012|500,00|300,00|200,00|0,00|200,00|200,00|000032134|N||||||||||
13|NFS|3301|C|70232|14/05/2012|20/07/2012|500,00|300,00|200,00|0,00|200,00|200,00|000032142|N||||||||||
13|NFS|3302|C|70232|14/05/2012|20/08/2012|500,00|300,00|200,00|0,00|200,00|200,00|000032159|N||||||||||
13|NFS|3303|C|70154|14/05/2012|20/06/2012|1950,00|0,00|1950,00|390,00|1560,00|1560,00|000032167|N||||||||||
13|NFS|3304|C|1708|14/05/2012|05/06/2012|500,00|0,00|500,00|0,00|500,00|500,00|000032175|N||||||||||
13|NFS|3305|C|1708|14/05/2012|20/06/2012|500,00|0,00|500,00|0,00|500,00|500,00|000032183|N||||||||||
13|NFS|3306|C|65650|14/05/2012|15/06/2012|4497,12|3997,12|500,00|0,00|500,00|500,00|000032191|N||||||||||
13|NFS|3307|C|88389|14/05/2012|15/06/2012|2498,40|1898,40|600,00|0,00|600,00|600,00|000032209|N||||||||||
13|NFS|3308|C|85759|14/05/2012|15/06/2012|2498,40|1898,40|600,00|0,00|600,00|600,00|000032217|N||||||||||
13|NFS|3309|C|92496|14/05/2012|15/06/2012|2498,40|1898,40|600,00|0,00|600,00|600,00|000032225|N||||||||||
13|NFS|3310|C|81149|14/05/2012|15/06/2012|4497,12|4047,12|450,00|0,00|450,00|450,00|000032233|N||||||||||
13|NFS|3311|C|93559|14/05/2012|15/06/2012|3997,44|3597,44|400,00|0,00|400,00|400,00|000032241|N||||||||||
13|NFS|3312|C|93568|14/05/2012|25/06/2012|1998,72|1448,72|550,00|0,00|550,00|550,00|000032258|N||||||||||
13|NFS|3313|C|93530|14/05/2012|15/06/2012|3997,44|3597,44|400,00|0,00|400,00|400,00|000032266|N||||||||||
13|NFS|3314|C|80969|14/05/2012|15/06/2012|3997,44|3697,44|300,00|0,00|300,00|300,00|000032274|N||||||||||
13|NFS|3315|C|93614|14/05/2012|15/06/2012|3997,44|3497,44|500,00|0,00|500,00|500,00|000032282|N||||||||||
13|NFS|3316|C|499|14/05/2012|15/06/2012|2400,00|0,00|2400,00|0,00|2400,00|2400,00|000032290|N||||||||||
13|NFS|3317|C|93308|14/05/2012|15/06/2012|10452,00|10102,00|350,00|0,00|350,00|350,00|000032308|N||||||||||
13|NFS|3318|C|93445|14/05/2012|15/06/2012|15590,40|14090,40|1500,00|0,00|1500,00|1500,00|000032316|N||||||||||
13|NFS|3319|C|93297|14/05/2012|15/06/2012|17539,20|16239,20|1300,00|0,00|1300,00|1300,00|000032324|N||||||||||
13|NFS|3320|C|8983|14/05/2012|15/06/2012|92294,50|90794,50|1500,00|0,00|1500,00|1500,00|000032332|N||||||||||
13|NFS|3321|C|28244|14/05/2012|20/06/2012|26910,00|22075,00|4835,00|0,00|4835,00|4835,00|000032340|N||||||||||
13|NFS|3322|C|488|14/05/2012|15/06/2012|4300,00|0,00|4300,00|860,00|3440,00|3440,00|000032357|N||||||||||
13|NFS|3323|C|18477|15/05/2012|15/05/2012|5616,00|5054,40|561,60|0,00|561,60|561,60||N||||||||||
13|NFS|3324|C|18477|15/05/2012|15/05/2012|9126,00|8213,40|912,60|0,00|912,60|912,60||N||||||||||
13|NFS|3325|C|27120|15/05/2012|15/06/2012|3196,80|2846,80|350,00|0,00|350,00|350,00|000032381|N||||||||||
13|NFS|3326|C|18737|15/05/2012|15/06/2012|36328,50|28828,50|7500,00|1500,00|6000,00|6000,00|000032399|N||||||||||
13|NFS|3327|C|80284|15/05/2012|15/06/2012|2772,00|0,00|2772,00|554,40|2217,60|2217,60|000032407|N||||||||||
13|NFS|3328|C|747|16/05/2012|15/06/2012|36460,00|29668,50|6791,50|1358,30|5433,20|5433,20|000032472|N||||||||||
13|NFS|3329|C|1009|16/05/2012|10/06/2012|2318,50|0,00|2318,50|463,70|1854,80|1854,80|000032480|N||||||||||
13|NFS|3330|C|913|16/05/2012|15/06/2012|2011,50|0,00|2011,50|402,30|1609,20|1609,20|000032498|N||||||||||
13|NFS|3331|C|867|16/05/2012|20/06/2012|1519,20|0,00|1519,20|303,84|1215,36|1215,36|000032506|N||||||||||
13|NFS|3332|C|919|16/05/2012|15/06/2012|2340,00|328,50|2011,50|402,30|1609,20|1609,20|000032514|N||||||||||
13|NFS|3333|C|1323|16/05/2012|15/06/2012|11002,32|4832,32|6170,00|1234,00|4936,00|4936,00|000032522|N||||||||||
13|NFS|3334|C|1089|16/05/2012|15/06/2012|5116,80|0,00|5116,80|1023,36|4093,44|4093,44|000032530|N||||||||||
13|NFS|3335|C|71571|16/05/2012|15/06/2012|3510,00|889,20|2620,80|524,16|2096,64|2096,64|000032548|N||||||||||
13|NFS|3336|C|95553|16/05/2012|30/05/2012|537,50|268,75|268,75|0,00|268,75|268,75|000032555|N||||||||||
13|NFS|3337|C|95553|16/05/2012|30/06/2012|537,50|268,75|268,75|0,00|268,75|268,75|000032563|N||||||||||
13|NFS|3338|C|95553|16/05/2012|30/07/2012|537,50|268,75|268,75|0,00|268,75|268,75|000032571|N||||||||||
13|NFS|3339|C|95553|16/05/2012|30/08/2012|537,50|268,75|268,75|0,00|268,75|268,75|000032589|N||||||||||
13|NFS|3340|C|712|16/05/2012|20/06/2012|896,00|0,00|896,00|0,00|896,00|896,00|000032597|N||||||||||
13|NFS|3341|C|14726|16/05/2012|15/06/2012|998,40|691,20|307,20|0,00|307,20|307,20|000032605|N||||||||||
13|NFS|3342|C|94072|16/05/2012|15/06/2012|374,40|216,00|158,40|0,00|158,40|158,40|000032613|N||||||||||
13|NFS|3343|C|34083|16/05/2012|20/06/2012|710,00|0,00|710,00|0,00|710,00|710,00|000032621|N||||||||||
13|NFS|3344|C|1026|16/05/2012|20/06/2012|920,00|0,00|920,00|0,00|920,00|920,00|000032639|N||||||||||
13|NFS|3345|C|95005|16/05/2012|15/06/2012|1280,00|384,00|896,00|0,00|896,00|896,00|000032647|N||||||||||
13|NFS|3346|C|574|16/05/2012|15/06/2012|1300,00|1051,40|248,60|0,00|248,60|248,60|000032654|N||||||||||
13|NFS|3347|C|91682|16/05/2012|15/06/2012|3600,00|1350,00|2250,00|0,00|2250,00|2250,00|000032662|N||||||||||
13|NFS|3348|C|789|16/05/2012|20/06/2012|2160,00|480,00|1680,00|0,00|1680,00|1680,00|000032670|N||||||||||
13|NFS|3349|C|98167|16/05/2012|15/06/2012|216,00|0,00|216,00|0,00|216,00|216,00|000032688|N||||||||||
13|NFS|3350|C|14623|16/05/2012|20/06/2012|3726,00|0,00|3726,00|0,00|3726,00|3726,00|000032696|N||||||||||
13|NFS|3351|C|14623|16/05/2012|20/06/2012|976,00|0,00|976,00|0,00|976,00|976,00|000032704|N||||||||||
13|NFS|3352|C|76694|16/05/2012|20/06/2012|654,00|0,00|654,00|0,00|654,00|654,00|000032712|N||||||||||
13|NFS|3353|C|671|16/05/2012|15/06/2012|896,00|0,00|896,00|0,00|896,00|896,00|000032720|N||||||||||
13|NFS|3354|C|31419|16/05/2012|15/06/2012|1888,00|1294,00|594,00|0,00|594,00|594,00|000032738|N||||||||||
13|NFS|3355|C|1090|16/05/2012|15/06/2012|11086,40|0,00|11086,40|0,00|11086,40|11086,40|000032746|N||||||||||
13|NFS|3356|C|1114|16/05/2012|25/06/2012|5570,40|0,00|5570,40|0,00|5570,40|5570,40|000032753|N||||||||||
13|NFS|3357|C|672|16/05/2012|15/06/2012|4384,00|1120,00|3264,00|0,00|3264,00|3264,00|000032761|N||||||||||
13|NFS|3358|C|1051|16/05/2012|15/06/2012|760,00|180,00|580,00|0,00|580,00|580,00|000032779|N||||||||||
13|NFS|3359|C|33953|16/05/2012|20/06/2012|1792,00|504,00|1288,00|0,00|1288,00|1288,00|000032787|N||||||||||
13|NFS|3360|C|91682|16/05/2012|15/06/2012|27040,00|22048,00|4992,00|0,00|4992,00|4992,00|000032795|N||||||||||
13|NFS|3361|C|789|16/05/2012|20/06/2012|4617,60|2111,60|2506,00|0,00|2506,00|2506,00|000032803|N||||||||||
13|NFS|3362|C|10433|16/05/2012|20/06/2012|750,00|0,00|750,00|0,00|750,00|750,00|000032811|N||||||||||
13|NFS|3363|C|819|16/05/2012|15/06/2012|499,20|249,62|249,58|0,00|249,58|249,58|000032829|N||||||||||
13|NFS|3364|C|35480|16/05/2012|15/06/2012|380,00|90,00|290,00|0,00|290,00|290,00|000032837|N||||||||||
13|NFS|3365|C|35480|16/05/2012|20/06/2012|380,00|90,00|290,00|0,00|290,00|290,00|000032845|N||||||||||
13|NFS|3366|C|789|16/05/2012|20/06/2012|1500,00|750,00|750,00|0,00|750,00|750,00|000032852|N||||||||||
13|NFS|3367|C|15668|16/05/2012|20/06/2012|2150,00|1075,00|1075,00|0,00|1075,00|1075,00|000032860|N||||||||||
13|NFS|3368|C|83777|16/05/2012|15/06/2012|716,67|386,67|330,00|0,00|330,00|330,00|000032878|N||||||||||
13|NFS|3369|C|83777|16/05/2012|15/07/2012|716,67|381,67|335,00|0,00|335,00|335,00|000032886|N||||||||||
13|NFS|3370|C|83777|16/05/2012|15/08/2012|716,67|381,67|335,00|0,00|335,00|335,00|000032894|N||||||||||
13|NFS|3371|C|83782|16/05/2012|13/06/2012|1083,33|541,66|541,67|0,00|541,67|541,67|000032902|N||||||||||
13|NFS|3372|C|83782|16/05/2012|13/07/2012|1083,33|541,67|541,66|0,00|541,66|541,66|000032910|N||||||||||
13|NFS|3373|C|83782|16/05/2012|13/08/2012|1083,33|541,66|541,67|0,00|541,67|541,67|000032928|N||||||||||
13|NFS|3374|C|100120|16/05/2012|15/06/2012|333,33|133,33|200,00|0,00|200,00|200,00|000032936|N||||||||||
13|NFS|3375|C|100120|16/05/2012|15/07/2012|333,33|133,33|200,00|0,00|200,00|200,00|000032944|N||||||||||
13|NFS|3376|C|100120|16/05/2012|15/08/2012|333,33|133,33|200,00|0,00|200,00|200,00|000032951|N||||||||||
13|NFS|3377|C|5595|16/05/2012|30/05/2012|537,50|268,75|268,75|0,00|268,75|268,75|000032969|N||||||||||
13|NFS|3378|C|5595|16/05/2012|30/06/2012|537,50|268,75|268,75|0,00|268,75|268,75|000032977|N||||||||||
13|NFS|3379|C|5595|16/05/2012|30/07/2012|537,50|268,75|268,75|0,00|268,75|268,75|000032985|N||||||||||
13|NFS|3380|C|5595|16/05/2012|30/08/2012|537,50|268,75|268,75|0,00|268,75|268,75|000032993|N||||||||||
13|NFS|3381|C|100073|16/05/2012|30/05/2012|537,50|268,75|268,75|0,00|268,75|268,75|000033009|N||||||||||
13|NFS|3382|C|100073|16/05/2012|30/06/2012|537,50|268,75|268,75|0,00|268,75|268,75|000033017|N||||||||||
13|NFS|3383|C|100073|16/05/2012|30/07/2012|537,50|268,75|268,75|0,00|268,75|268,75|000033025|N||||||||||
13|NFS|3384|C|100073|16/05/2012|30/08/2012|537,50|268,75|268,75|0,00|268,75|268,75|000033033|N||||||||||
13|NFS|3385|C|53136|16/05/2012|25/06/2012|2760,00|1520,00|1240,00|0,00|1240,00|1240,00|000033041|N||||||||||
13|NFS|3386|C|80284|16/05/2012|15/06/2012|4500,00|0,00|4500,00|0,00|4500,00|4500,00|000032415|N||||||||||
13|NFS|3387|C|99047|16/05/2012|20/06/2012|9425,00|3393,00|6032,00|1206,40|4825,60|4825,60|000032464|N||||||||||
13|NFS|3388|C|23489|16/05/2012|30/05/2012|30825,60|15936,84|14888,76|2977,75|11911,01|11911,01|000032431|N||||||||||
13|NFS|3389|C|91361|16/05/2012|30/05/2012|30825,60|21030,36|9795,24|1959,05|7836,19|7836,19|000032449|N||||||||||
13|NFS|3390|C|64475|16/05/2012|30/05/2012|15412,80|7706,40|7706,40|1541,28|6165,12|6165,12|000032456|N||||||||||
13|NFS|3391|C|62420|17/05/2012|15/06/2012|45292,00|35347,00|9945,00|0,00|9945,00|9945,00|000033173|N||||||||||
13|NFS|3392|C|96162|17/05/2012|10/06/2012|828,00|504,00|324,00|0,00|324,00|324,00|000033181|N||||||||||
13|NFS|3393|C|100047|17/05/2012|20/06/2012|1083,33|433,33|650,00|0,00|650,00|650,00|000033199|N||||||||||
13|NFS|3394|C|100047|17/05/2012|20/07/2012|1083,33|433,33|650,00|0,00|650,00|650,00|000033207|N||||||||||
13|NFS|3395|C|100047|17/05/2012|20/08/2012|1083,33|433,33|650,00|0,00|650,00|650,00|000033215|N||||||||||
13|NFS|3396|C|34675|17/05/2012|15/06/2012|1075,00|430,00|645,00|0,00|645,00|645,00|000033223|N||||||||||
13|NFS|3397|C|34675|17/05/2012|15/07/2012|1075,00|430,00|645,00|0,00|645,00|645,00|000033231|N||||||||||
13|NFS|3398|C|15645|17/05/2012|20/06/2012|2183,33|1203,33|980,00|0,00|980,00|980,00|000033249|N||||||||||
13|NFS|3399|C|15645|17/05/2012|20/07/2012|2183,33|1203,33|980,00|0,00|980,00|980,00|000033256|N||||||||||
13|NFS|3400|C|1090|17/05/2012|20/06/2012|1600,00|0,00|1600,00|0,00|1600,00|1600,00|000033264|N||||||||||
13|NFS|3401|C|97870|17/05/2012|15/06/2012|3272,49|0,00|3272,49|0,00|3272,49|3272,49||C|18/05/2012|||||||||
13|NFS|3402|C|494|17/05/2012|15/06/2012|12264,00|6879,60|5384,40|0,00|5384,40|5384,40|000033272|N||||||||||
13|NFS|3403|C|99986|17/05/2012|24/05/2012|200,00|0,00|200,00|0,00|200,00|200,00|000033280|N||||||||||
13|NFS|3404|C|99986|17/05/2012|24/06/2012|200,00|0,00|200,00|0,00|200,00|200,00|000033298|N||||||||||
13|NFS|3405|C|99986|17/05/2012|24/07/2012|200,00|0,00|200,00|0,00|200,00|200,00|000033306|N||||||||||
13|NFS|3406|C|87111|17/05/2012|15/06/2012|1656,00|856,00|800,00|0,00|800,00|800,00|000033314|N||||||||||
13|NFS|3407|C|87111|17/05/2012|15/06/2012|5796,00|2856,00|2940,00|0,00|2940,00|2940,00|000033322|N||||||||||
13|NFS|3408|C|4262|17/05/2012|10/06/2012|216,00|0,00|216,00|0,00|216,00|216,00|000033330|N||||||||||
13|NFS|3409|C|19708|17/05/2012|15/06/2012|54,00|0,00|54,00|0,00|54,00|54,00|000033348|N||||||||||
13|NFS|3410|C|12202|17/05/2012|15/06/2012|500,00|100,00|400,00|0,00|400,00|400,00|000033355|N||||||||||
13|NFS|3411|C|64327|17/05/2012|15/06/2012|2150,00|752,50|1397,50|0,00|1397,50|1397,50|000033363|N||||||||||
13|NFS|3412|C|100136|17/05/2012|20/06/2012|2183,33|1183,33|1000,00|0,00|1000,00|1000,00|000033371|C|29/05/2012|||||||||
13|NFS|3413|C|100136|17/05/2012|20/07/2012|2183,33|1183,33|1000,00|0,00|1000,00|1000,00|000033389|C|29/05/2012|||||||||
13|NFS|3414|C|100136|17/05/2012|20/08/2012|2183,33|1183,33|1000,00|0,00|1000,00|1000,00|000033397|C|29/05/2012|||||||||
13|NFS|3415|C|53253|17/05/2012|15/06/2012|265,00|133,00|132,00|0,00|132,00|132,00|000033405|N||||||||||
13|NFS|3416|C|95919|17/05/2012|20/06/2012|180,00|0,00|180,00|0,00|180,00|180,00|000033413|N||||||||||
13|NFS|3417|C|493|17/05/2012|15/06/2012|5508,00|0,00|5508,00|1101,60|4406,40|4406,40|000033421|N||||||||||
13|NFS|3418|C|70154|17/05/2012|20/06/2012|10530,00|4080,00|6450,00|1290,00|5160,00|5160,00|000033439|N||||||||||
13|NFS|3419|C|91400|17/05/2012|15/06/2012|6048,00|4300,80|1747,20|349,44|1397,76|1397,76|000033447|N||||||||||
13|NFS|3420|C|24500|17/05/2012|15/06/2012|30825,60|23651,41|7174,19|1434,84|5739,35|5739,35||N||||||||||
13|NFS|3421|C|24500|17/05/2012|15/06/2012|12312,00|7144,08|5167,92|1033,58|4134,34|4134,34||N||||||||||
13|NFS|3422|C|24500|17/05/2012|15/06/2012|9272,00|6777,20|2494,80|498,96|1995,84|1995,84||N||||||||||
13|NFS|3423|C|24500|17/05/2012|15/06/2012|30825,60|23651,41|7174,19|1434,84|5739,35|5739,35||N||||||||||
13|NFS|3424|C|24500|17/05/2012|15/06/2012|5304,00|4077,64|1226,36|245,27|981,09|981,09||N||||||||||
13|NFS|3425|C|8864|17/05/2012|15/06/2012|270,00|0,00|270,00|54,00|216,00|216,00|000033058|N||||||||||
13|NFS|3426|C|8864|17/05/2012|15/06/2012|324,00|0,00|324,00|64,80|259,20|259,20|000033066|N||||||||||
13|NFS|3427|C|8864|17/05/2012|15/06/2012|216,00|0,00|216,00|43,20|172,80|172,80|000033074|N||||||||||
13|NFS|3428|C|827|17/05/2012|05/06/2012|111800,00|98663,50|13136,50|2627,30|10509,20|10509,20|000033082|N||||||||||
13|NFS|3429|C|64475|17/05/2012|15/06/2012|15412,80|7706,40|7706,40|1541,28|6165,12|6165,12|000033090|N||||||||||
13|NFS|3430|C|24500|17/05/2012|30/06/2012|30825,60|23651,41|7174,19|1434,84|5739,35|5739,35||N||||||||||
13|NFS|3431|C|19153|17/05/2012|31/05/2012|491,64|0,00|491,64|98,33|393,31|393,31|000033108|N||||||||||
13|NFS|3432|C|29661|17/05/2012|15/06/2012|216,00|0,00|216,00|43,20|172,80|172,80||N||||||||||
13|NFS|3433|C|29661|17/05/2012|09/06/2012|270,00|0,00|270,00|54,00|216,00|216,00||N||||||||||
13|NFS|3434|C|29661|17/05/2012|15/06/2012|216,00|0,00|216,00|43,20|172,80|172,80||N||||||||||
13|NFS|3435|C|29661|17/05/2012|15/06/2012|216,00|0,00|216,00|43,20|172,80|172,80||N||||||||||
13|NFS|3436|C|29661|17/05/2012|15/06/2012|216,00|0,00|216,00|43,20|172,80|172,80||N||||||||||
13|NFS|3437|C|91361|17/05/2012|15/06/2012|30825,60|21030,36|9795,24|1959,05|7836,19|7836,19|000033116|N||||||||||
13|NFS|3438|C|96223|17/05/2012|15/06/2012|15412,80|3082,56|12330,24|2466,05|9864,19|9864,19|000033124|N||||||||||
13|NFS|3439|C|19153|17/05/2012|31/05/2012|983,28|491,64|491,64|98,33|393,31|393,31|000033132|N||||||||||
13|NFS|3440|C|15645|17/05/2012|20/08/2012|2183,33|1203,33|980,00|0,00|980,00|980,00|000033454|N||||||||||
13|NFS|3441|C|80284|21/05/2012|20/06/2012|2772,00|0,00|2772,00|554,40|2217,60|2217,60||C|24/05/2012|||||||||
13|NFS|3443|C|80284|21/05/2012|20/06/2012|2772,00|0,00|2772,00|554,40|2217,60|2217,60|000033496|N||||||||||
13|NFS|3444|C|80284|21/05/2012|20/06/2012|3240,00|0,00|3240,00|648,00|2592,00|2592,00|000033504|N||||||||||
13|NFS|3445|C|62995|21/05/2012|25/05/2012|500,00|100,00|400,00|0,00|400,00|400,00|000033512|N||||||||||
13|NFS|3446|C|3330|22/05/2012|15/06/2012|14455,00|11182,50|3272,50|0,00|3272,50|3272,50|000033553|N||||||||||
13|NFS|3447|C|69457|22/05/2012|15/06/2012|2754,00|2318,40|435,60|0,00|435,60|435,60||N||||||||||
13|NFS|3448|C|691|22/05/2012|20/06/2012|3648,00|1651,20|1996,80|0,00|1996,80|1996,80|000033561|N||||||||||
13|NFS|3449|C|69457|22/05/2012|10/06/2012|1944,00|1266,80|677,20|0,00|677,20|677,20||N||||||||||
13|NFS|3450|C|40065|22/05/2012|20/06/2012|980,00|270,00|710,00|0,00|710,00|710,00|000033579|N||||||||||
13|NFS|3451|C|91483|22/05/2012|20/06/2012|3015,00|695,00|2320,00|0,00|2320,00|2320,00|000033587|N||||||||||
13|NFS|3452|C|4347|22/05/2012|15/06/2012|828,00|504,00|324,00|0,00|324,00|324,00|000033595|N||||||||||
13|NFS|3453|C|680|22/05/2012|15/06/2012|8395,92|4316,92|4079,00|0,00|4079,00|4079,00|000033603|N||||||||||
13|NFS|3454|C|89723|22/05/2012|15/06/2012|1280,00|464,00|816,00|0,00|816,00|816,00|000033611|N||||||||||
13|NFS|3455|C|11219|22/05/2012|15/06/2012|1199,25|0,00|1199,25|0,00|1199,25|1199,25|000033629|N||||||||||
13|NFS|3456|C|796|22/05/2012|15/06/2012|1644,00|420,00|1224,00|0,00|1224,00|1224,00|000033637|N||||||||||
13|NFS|3457|C|38207|22/05/2012|15/06/2012|828,00|504,00|324,00|0,00|324,00|324,00|000033645|N||||||||||
13|NFS|3458|C|32626|22/05/2012|15/06/2012|4140,00|2277,00|1863,00|0,00|1863,00|1863,00|000033652|N||||||||||
13|NFS|3459|C|45756|22/05/2012|15/06/2012|3250,00|1450,00|1800,00|0,00|1800,00|1800,00|000033660|N||||||||||
13|NFS|3460|C|1193|22/05/2012|15/06/2012|1040,00|720,00|320,00|0,00|320,00|320,00|000033678|N||||||||||
13|NFS|3461|C|9060|22/05/2012|15/06/2012|1104,00|672,00|432,00|0,00|432,00|432,00|000033686|N||||||||||
13|NFS|3462|C|100055|22/05/2012|25/06/2012|500,00|270,00|230,00|0,00|230,00|230,00|000033694|N||||||||||
13|NFS|3463|C|100055|22/05/2012|25/07/2012|250,00|20,00|230,00|0,00|230,00|230,00|000033702|N||||||||||
13|NFS|3464|C|100055|22/05/2012|25/08/2012|250,00|20,00|230,00|0,00|230,00|230,00|000033710|N||||||||||
13|NFS|3465|C|753|22/05/2012|15/06/2012|1920,00|540,00|1380,00|0,00|1380,00|1380,00|000033728|N||||||||||
13|NFS|3466|C|60972|22/05/2012|20/06/2012|4200,00|1704,00|2496,00|0,00|2496,00|2496,00|000033736|N||||||||||
13|NFS|3467|C|8457|22/05/2012|20/06/2012|4130,00|3497,00|633,00|0,00|633,00|633,00|000033744|N||||||||||
13|NFS|3468|C|1050|22/05/2012|20/06/2012|3015,00|975,00|2040,00|0,00|2040,00|2040,00|000033751|N||||||||||
13|NFS|3469|C|789|22/05/2012|20/06/2012|2496,00|1632,00|864,00|0,00|864,00|864,00|000033769|N||||||||||
13|NFS|3470|C|99535|22/05/2012|05/06/2012|1907,10|0,00|1907,10|0,00|1907,10|1907,10|000033777|N||||||||||
13|NFS|3471|C|99535|22/05/2012|05/07/2012|1907,10|0,00|1907,10|0,00|1907,10|1907,10|000033785|N||||||||||
13|NFS|3472|C|4173|22/05/2012|25/06/2012|1075,00|537,50|537,50|0,00|537,50|537,50|000033793|N||||||||||
13|NFS|3473|C|4173|22/05/2012|25/07/2012|1075,00|537,50|537,50|0,00|537,50|537,50|000033801|N||||||||||
13|NFS|3474|C|24709|22/05/2012|30/06/2012|716,67|358,67|358,00|0,00|358,00|358,00|000033819|N||||||||||
13|NFS|3475|C|24709|22/05/2012|30/07/2012|716,67|358,67|358,00|0,00|358,00|358,00|000033827|N||||||||||
13|NFS|3476|C|24709|22/05/2012|30/08/2012|716,67|358,67|358,00|0,00|358,00|358,00|000033835|N||||||||||
13|NFS|3477|C|100108|22/05/2012|21/06/2012|716,67|358,34|358,33|0,00|358,33|358,33|000033843|N||||||||||
13|NFS|3478|C|100108|22/05/2012|21/07/2012|716,67|358,34|358,33|0,00|358,33|358,33|000033850|N||||||||||
13|NFS|3479|C|100108|22/05/2012|21/08/2012|716,67|358,33|358,34|0,00|358,34|358,34|000033868|N||||||||||
13|NFS|3480|C|99571|22/05/2012|21/06/2012|2183,33|1316,66|866,67|0,00|866,67|866,67|000033876|N||||||||||
13|NFS|3481|C|99571|22/05/2012|21/07/2012|2183,33|1316,66|866,67|0,00|866,67|866,67|000033884|N||||||||||
13|NFS|3482|C|99571|22/05/2012|21/08/2012|2183,33|1316,67|866,66|0,00|866,66|866,66|000033892|N||||||||||
13|NFS|3483|C|67276|22/05/2012|10/06/2012|182,00|0,00|182,00|0,00|182,00|182,00|000033900|N||||||||||
13|NFS|3484|C|85861|22/05/2012|09/06/2012|444,00|0,00|444,00|0,00|444,00|444,00|000033918|N||||||||||
13|NFS|3485|C|97758|22/05/2012|15/06/2012|324,00|0,00|324,00|0,00|324,00|324,00|000033926|N||||||||||
13|NFS|3486|C|99440|22/05/2012|15/06/2012|324,00|0,00|324,00|0,00|324,00|324,00|000033934|N||||||||||
13|NFS|3487|C|100183|22/05/2012|15/06/2012|378,00|0,00|378,00|0,00|378,00|378,00|000033942|N||||||||||
13|NFS|3488|C|95818|22/05/2012|15/06/2012|324,00|0,00|324,00|0,00|324,00|324,00|000033959|N||||||||||
13|NFS|3489|C|3062|22/05/2012|30/05/2012|2592,00|2011,20|580,80|0,00|580,80|580,80||N||||||||||
13|NFS|3490|C|4734|22/05/2012|15/06/2012|216,00|0,00|216,00|0,00|216,00|216,00|000033967|N||||||||||
13|NFS|3491|C|1009|22/05/2012|20/06/2012|84,00|0,00|84,00|16,80|67,20|67,20|000033975|N||||||||||
13|NFS|3492|C|493|22/05/2012|15/06/2012|2160,00|0,00|2160,00|432,00|1728,00|1728,00|000033983|N||||||||||
13|NFS|3493|C|95342|22/05/2012|15/06/2012|6000,00|0,00|6000,00|0,00|6000,00|6000,00|000033991|N||||||||||
13|NFS|3494|C|55415|22/05/2012|10/06/2012|540,00|0,00|540,00|0,00|540,00|540,00|000033520|N||||||||||
13|NFS|3495|C|78332|22/05/2012|15/06/2012|2100,00|0,00|2100,00|0,00|2100,00|2100,00|000033538|N||||||||||
13|NFS|3496|C|78332|22/05/2012|15/06/2012|4140,00|2691,00|1449,00|0,00|1449,00|1449,00|000033546|N||||||||||
13|NFS|3497|C|2107|23/05/2012|30/05/2012|2485,00|0,00|2485,00|0,00|2485,00|2485,00|000034015|N||||||||||
13|NFS|3498|C|2107|23/05/2012|20/06/2012|400,00|0,00|400,00|0,00|400,00|400,00|000034023|N||||||||||
13|NFS|3499|C|2107|23/05/2012|20/07/2012|400,00|0,00|400,00|0,00|400,00|400,00|000034031|N||||||||||
13|NFS|3500|C|100136|23/05/2012|23/05/2012|2045,00|1445,00|600,00|0,00|600,00|600,00||N||||||||||
13|NFS|3501|C|24500|23/05/2012|30/06/2012|18544,00|13554,40|4989,60|997,92|3991,68|3991,68||N||||||||||
13|NFS|3502|C|24500|23/05/2012|30/06/2012|61651,20|47302,82|14348,38|2869,68|11478,70|11478,70||N||||||||||
13|NFS|3503|C|100220|23/05/2012|15/06/2012|30825,60|15412,60|15413,00|3082,60|12330,40|12330,40|000034049|N||||||||||
13|NFS|3504|C|91361|23/05/2012|15/06/2012|30825,60|21030,36|9795,24|1959,05|7836,19|7836,19|000034056|N||||||||||
13|NFS|3505|C|62555|23/05/2012|30/06/2012|7757,10|3209,31|4547,79|909,56|3638,23|3638,23|000034064|N||||||||||
13|NFS|3506|C|1531|24/05/2012|24/05/2012|5832,00|4573,60|1258,40|0,00|1258,40|1258,40||N||||||||||
13|NFS|3507|C|1531|24/05/2012|10/06/2012|4212,00|3268,40|943,60|0,00|943,60|943,60||N||||||||||
13|NFS|3508|C|100311|24/05/2012|15/06/2012|20685,60|1622,40|19063,20|0,00|19063,20|19063,20|000034106|N||||||||||
13|NFS|3509|C|96525|24/05/2012|15/06/2012|324,00|0,00|324,00|0,00|324,00|324,00|000034114|N||||||||||
13|NFS|3510|C|91849|24/05/2012|15/06/2012|108,00|0,00|108,00|0,00|108,00|108,00|000034122|N||||||||||
13|NFS|3511|C|99972|24/05/2012|15/06/2012|54,00|0,00|54,00|0,00|54,00|54,00|000034130|N||||||||||
13|NFS|3512|C|824|24/05/2012|15/06/2012|12870,00|0,00|12870,00|0,00|12870,00|12870,00|000034148|N||||||||||
13|NFS|3513|C|670|24/05/2012|15/06/2012|602,80|0,00|602,80|0,00|602,80|602,80|000034155|N||||||||||
13|NFS|3514|C|99750|24/05/2012|15/06/2012|1242,50|124,25|1118,25|0,00|1118,25|1118,25|000034163|N||||||||||
13|NFS|3515|C|99750|24/05/2012|15/07/2012|1242,50|124,25|1118,25|0,00|1118,25|1118,25|000034171|N||||||||||
13|NFS|3516|C|99807|24/05/2012|15/06/2012|1040,00|728,00|312,00|0,00|312,00|312,00|000034189|N||||||||||
13|NFS|3517|C|99905|24/05/2012|20/06/2012|716,67|286,67|430,00|0,00|430,00|430,00|000034197|N||||||||||
13|NFS|3518|C|99905|24/05/2012|20/07/2012|716,67|286,67|430,00|0,00|430,00|430,00|000034205|N||||||||||
13|NFS|3519|C|99905|24/05/2012|20/08/2012|716,67|286,67|430,00|0,00|430,00|430,00|000034213|N||||||||||
13|NFS|3520|C|69457|24/05/2012|10/06/2012|1944,00|1629,40|314,60|0,00|314,60|314,60||N||||||||||
13|NFS|3521|C|53136|24/05/2012|21/06/2012|716,67|358,33|358,34|0,00|358,34|358,34|000034221|N||||||||||
13|NFS|3522|C|53136|24/05/2012|21/07/2012|716,67|358,34|358,33|0,00|358,33|358,33|000034239|N||||||||||
13|NFS|3523|C|53136|24/05/2012|21/08/2012|716,67|358,34|358,33|0,00|358,33|358,33|000034247|N||||||||||
13|NFS|3524|C|1009|24/05/2012|10/06/2012|4160,00|3584,00|576,00|115,20|460,80|460,80|000034254|N||||||||||
13|NFS|3525|C|1089|24/05/2012|15/06/2012|148500,00|147000,00|1500,00|300,00|1200,00|1200,00|000034262|N||||||||||
13|NFS|3526|C|87144|24/05/2012|25/06/2012|1083,33|463,33|620,00|124,00|496,00|496,00|000034270|N||||||||||
13|NFS|3527|C|87144|24/05/2012|25/07/2012|1083,33|483,33|600,00|120,00|480,00|480,00|000034288|N||||||||||
13|NFS|3528|C|87144|24/05/2012|25/08/2012|1083,33|483,33|600,00|120,00|480,00|480,00|000034296|N||||||||||
13|NFS|3529|C|60781|24/05/2012|05/07/2012|34112,00|20800,00|13312,00|2662,40|10649,60|10649,60|000034304|N||||||||||
13|NFS|3530|C|58555|24/05/2012|15/06/2012|1000,00|400,00|600,00|0,00|600,00|600,00|000034312|N||||||||||
13|NFS|3531|C|47880|24/05/2012|15/06/2012|7098,00|2839,20|4258,80|0,00|4258,80|4258,80|000034320|C|25/05/2012|||||||||
13|NFS|3532|C|70154|24/05/2012|20/06/2012|76000,00|74400,00|1600,00|320,00|1280,00|1280,00|000034338|N||||||||||
13|NFS|3533|C|85919|24/05/2012|15/06/2012|5184,00|3436,80|1747,20|349,44|1397,76|1397,76|000034346|C|25/05/2012|||||||||
13|NFS|3534|C|100137|24/05/2012|15/06/2012|1083,33|583,33|500,00|0,00|500,00|500,00|000034353|N||||||||||
13|NFS|3535|C|100137|24/05/2012|15/07/2012|1083,33|583,33|500,00|0,00|500,00|500,00|000034361|N||||||||||
13|NFS|3536|C|100137|24/05/2012|15/08/2012|1083,33|583,33|500,00|0,00|500,00|500,00|000034379|N||||||||||
13|NFS|3537|C|97949|24/05/2012|30/06/2012|1083,33|583,33|500,00|0,00|500,00|500,00|000034387|N||||||||||
13|NFS|3538|C|97949|24/05/2012|30/07/2012|1083,33|583,33|500,00|0,00|500,00|500,00|000034395|N||||||||||
13|NFS|3539|C|97949|24/05/2012|30/08/2012|1083,33|633,33|450,00|0,00|450,00|450,00|000034403|N||||||||||
13|NFS|3540|C|1009|24/05/2012|20/06/2012|576,00|0,00|576,00|115,20|460,80|460,80|000034411|N||||||||||
13|NFS|3541|C|1009|24/05/2012|20/06/2012|108,24|0,00|108,24|21,65|86,59|86,59|000034429|N||||||||||
13|NFS|3542|C|2221|24/05/2012|20/06/2012|730,00|0,00|730,00|146,00|584,00|584,00|000034437|N||||||||||
13|NFS|3543|C|11219|24/05/2012|15/06/2012|6929,00|3929,00|3000,00|0,00|3000,00|3000,00|000034445|N||||||||||
13|NFS|3544|C|91682|24/05/2012|15/06/2012|2208,00|1344,00|864,00|0,00|864,00|864,00|000034452|N||||||||||
13|NFS|3545|C|1009|24/05/2012|20/06/2012|84,00|0,00|84,00|16,80|67,20|67,20|000034460|N||||||||||
13|NFS|3546|C|47880|24/05/2012|15/06/2012|2485,00|0,00|2485,00|497,00|1988,00|1988,00|000034478|N||||||||||
13|NFS|3547|C|100243|24/05/2012|20/06/2012|552,00|0,00|552,00|110,40|441,60|441,60|000034486|N||||||||||
13|NFS|3548|C|15668|24/05/2012|15/06/2012|4480,00|3287,20|1192,80|0,00|1192,80|1192,80|000034494|N||||||||||
13|NFS|3549|C|475|24/05/2012|15/06/2012|5520,00|1520,00|4000,00|0,00|4000,00|4000,00|000034502|N||||||||||
13|NFS|3550|C|87111|24/05/2012|15/06/2012|1656,00|856,00|800,00|0,00|800,00|800,00|000034510|N||||||||||
13|NFS|3551|C|87111|24/05/2012|15/06/2012|5796,00|2856,00|2940,00|0,00|2940,00|2940,00|000034528|N||||||||||
13|NFS|3552|C|100312|24/05/2012|15/06/2012|5520,00|2760,00|2760,00|0,00|2760,00|2760,00|000034536|N||||||||||
13|NFS|3553|C|4663|24/05/2012|20/06/2012|3800,00|0,00|3800,00|0,00|3800,00|3800,00|000034544|N||||||||||
13|NFS|3554|C|867|24/05/2012|20/06/2012|224,00|0,00|224,00|44,80|179,20|179,20|000034551|N||||||||||
13|NFS|3555|C|1009|24/05/2012|20/06/2012|108,24|0,00|108,24|21,65|86,59|86,59|000034569|N||||||||||
13|NFS|3556|C|100270|24/05/2012|15/06/2012|5110,00|1543,50|3566,50|0,00|3566,50|3566,50|000034577|N||||||||||
13|NFS|3557|C|100270|24/05/2012|15/06/2012|3566,50|0,00|3566,50|0,00|3566,50|3566,50|000034585|N||||||||||
13|NFS|3558|C|11219|25/05/2012|15/06/2012|2018,00|1018,00|1000,00|0,00|1000,00|1000,00|000034593|N||||||||||
13|NFS|3559|C|488|25/05/2012|15/06/2012|4300,00|0,00|4300,00|860,00|3440,00|3440,00|000034601|N||||||||||
13|NFS|3560|C|475|25/05/2012|15/06/2012|1312,50|896,50|416,00|0,00|416,00|416,00|000034619|N||||||||||
13|NFS|3561|C|18477|25/05/2012|25/05/2012|9360,00|8424,00|936,00|0,00|936,00|936,00||N||||||||||
13|NFS|3562|C|47880|25/05/2012|15/06/2012|7098,00|2839,20|4258,80|851,76|3407,04|3407,04|000034627|N||||||||||
13|NFS|3563|C|91400|25/05/2012|15/06/2012|5184,00|3436,80|1747,20|349,44|1397,76|1397,76|000034635|N||||||||||
13|NFS|3564|C|7683|25/05/2012|11/05/2012|2730,00|0,00|2730,00|0,00|2730,00|2730,00||C|25/05/2012|||||||||
13|NFS|3565|C|480|28/05/2012|15/06/2012|5460,00|1092,00|4368,00|873,60|3494,40|3494,40|000034643|N||||||||||
13|NFS|3566|C|803|28/05/2012|20/06/2012|800,00|200,00|600,00|0,00|600,00|600,00|000034650|N||||||||||
13|NFS|3567|C|3062|28/05/2012|15/06/2012|387,20|0,00|387,20|0,00|387,20|387,20||N||||||||||
13|NFS|3568|C|1611|28/05/2012|20/06/2012|600,00|0,00|600,00|0,00|600,00|600,00|000034668|N||||||||||
13|NFS|3569|C|1914|28/05/2012|20/06/2012|600,00|0,00|600,00|0,00|600,00|600,00|000034676|N||||||||||
13|NFS|3570|C|80499|28/05/2012|15/06/2012|324,00|0,00|324,00|0,00|324,00|324,00|000034684|N||||||||||
13|NFS|3571|C|69457|28/05/2012|10/06/2012|1782,00|1492,00|290,00|0,00|290,00|290,00||N||||||||||
13|NFS|3572|C|100163|28/05/2012|15/06/2012|648,00|0,00|648,00|129,60|518,40|518,40||C|29/05/2012|||||||||
13|NFS|3573|C|100172|28/05/2012|15/06/2012|243,00|0,00|243,00|0,00|243,00|243,00|000034692|N||||||||||
13|NFS|3574|C|85861|28/05/2012|09/06/2012|768,00|0,00|768,00|0,00|768,00|768,00|000034700|N||||||||||
13|NFS|3575|C|1891|28/05/2012|15/06/2012|605,00|0,00|605,00|0,00|605,00|605,00|000034718|N||||||||||
13|NFS|3576|C|93161|28/05/2012|06/06/2012|23291,43|0,00|23291,43|0,00|23291,43|23291,43||N||||||||||
13|NFS|3577|C|91361|29/05/2012|15/06/2012|30825,60|21030,36|9795,24|1959,05|7836,19|7836,19|000034734|N||||||||||
13|NFS|3578|C|24500|29/05/2012|15/06/2012|7956,00|6116,46|1839,54|367,91|1471,63|1471,63||N||||||||||
13|NFS|3579|C|475|29/05/2012|15/06/2012|9633,00|8033,00|1600,00|320,00|1280,00|1280,00|000034742|N||||||||||
13|NFS|3580|C|24500|30/05/2012|15/06/2012|30825,60|23651,41|7174,19|1434,84|5739,35|5739,35||N||||||||||
13|NFS|3581|C|8603|31/05/2012|31/05/2012|153,00|0,00|153,00|0,00|153,00|153,00|000034759|N||||||||||
13|NFS|3582|C|8603|31/05/2012|31/05/2012|153,00|0,00|153,00|0,00|153,00|153,00||N||||||||||
13|NFS|3583|C|8603|31/05/2012|31/05/2012|108,00|0,00|108,00|0,00|108,00|108,00||N||||||||||
13|NFS|3584|C|3803|31/05/2012|30/06/2012|6020,00|3010,00|3010,00|602,00|2408,00|2408,00|000034767|N||||||||||
13|NFS|3585|C|3803|31/05/2012|30/06/2012|1734,00|969,00|765,00|153,00|612,00|612,00|000034775|N||||||||||
13|NFS|3586|C|3803|31/05/2012|30/06/2012|8892,00|4446,00|4446,00|889,20|3556,80|3556,80|000034783|N||||||||||
13|NFS|3587|C|54866|31/05/2012|30/06/2012|8340,25|0,00|8340,25|1668,05|6672,20|6672,20|000034791|N||||||||||
13|NFS|3588|C|3803|31/05/2012|30/06/2012|37199,50|20493,94|16705,56|3341,12|13364,44|13364,44|000034809|N||||||||||
13|NFS|38061|C|87111|07/05/2012|08/05/2012|6550,00|4050,00|2500,00|0,00|2500,00|2500,00||C|07/05/2012|||||||||
