13|NFS|2905|C|74710|03/04/2012|15/04/2012|5382,00|372,84|5009,16|1001,83|4007,33|4007,33||C|30/03/2012|||||
13|NFS|2945|C|499|04/04/2012|15/04/2012|975,00|375,00|600,00|0,00|600,00|600,00|000028751|N||||||
13|NFS|2946|C|672|04/04/2012|15/05/2012|4384,00|1120,00|3264,00|0,00|3264,00|3264,00|000028843|N||||||
13|NFS|2947|C|31419|04/04/2012|15/05/2012|1888,00|1294,00|594,00|0,00|594,00|594,00|000028850|N||||||
13|NFS|2948|C|89723|04/04/2012|15/05/2012|1096,00|280,00|816,00|0,00|816,00|816,00|000028868|N||||||
13|NFS|2949|C|31447|04/04/2012|15/05/2012|21970,00|19470,00|2500,00|0,00|2500,00|2500,00|000028876|N||||||
13|NFS|2950|C|97123|04/04/2012|15/05/2012|360,00|0,00|360,00|0,00|360,00|360,00||C|09/04/2012|||||
13|NFS|2951|C|867|04/04/2012|20/05/2012|1569,60|0,00|1569,60|313,92|1255,68|1255,68|000028884|N||||||
13|NFS|2952|C|789|04/04/2012|20/05/2012|2184,00|1008,00|1176,00|0,00|1176,00|1176,00|000028892|N||||||
13|NFS|2953|C|27318|04/04/2012|20/05/2012|824,00|0,00|824,00|0,00|824,00|824,00|000028900|N||||||
13|NFS|2954|C|14623|04/04/2012|20/05/2012|3726,00|0,00|3726,00|0,00|3726,00|3726,00|000028918|N||||||
13|NFS|2955|C|95342|04/04/2012|04/04/2012|1750,00|0,00|1750,00|0,00|1750,00|1750,00||N||||||
13|NFS|2955|C|2107|04/04/2012|13/03/2012|54,00|0,00|54,00|0,00|54,00|54,00||C|04/04/2012|||||
13|NFS|2956|C|52369|04/04/2012|10/05/2012|54,00|0,00|54,00|0,00|54,00|54,00|000028926|N||||||
13|NFS|2957|C|91361|09/04/2012|30/04/2012|27986,40|18191,16|9795,24|1959,05|7836,19|7836,19|000028777|N||||||
13|NFS|2958|C|23484|09/04/2012|30/04/2012|15412,80|4623,84|10788,96|2157,79|8631,17|8631,17|000028785|N||||||
13|NFS|2959|C|50209|09/04/2012|15/05/2012|82945,20|39342,70|43602,50|8720,50|34882,00|34882,00|000028793|N||||||
13|NFS|2960|C|19153|09/04/2012|30/04/2012|6165,90|5182,62|983,28|196,66|786,62|786,62|000028801|N||||||
13|NFS|2961|C|62555|10/04/2012|15/05/2012|5171,40|2139,54|3031,86|606,37|2425,49|2425,49|000028819|N||||||
13|NFS|2962|C|24500|10/04/2012|15/05/2012|9272,00|6777,20|2494,80|498,96|1995,84|1995,84||N||||||
13|NFS|2963|C|827|10/04/2012|05/05/2012|17852,40|12335,16|5517,24|1103,45|4413,79|4413,79|000028827|N||||||
13|NFS|2964|C|827|10/04/2012|05/05/2012|17852,40|12335,16|5517,24|1103,45|4413,79|4413,79|000028835|N||||||
13|NFS|2965|C|96749|11/04/2012|17/05/2012|3250,00|1625,00|1625,00|325,00|1300,00|1300,00|000031714|N||||||
13|NFS|2966|C|44130|11/04/2012|15/05/2012|54,00|0,00|54,00|0,00|54,00|54,00|000028942|N||||||
13|NFS|2967|C|20223|11/04/2012|15/05/2012|37315,20|25025,52|12289,68|0,00|12289,68|12289,68|000028959|N||||||
13|NFS|2968|C|1090|11/04/2012|15/05/2012|13858,00|0,00|13858,00|0,00|13858,00|13858,00|000028967|N||||||
13|NFS|2969|C|95005|11/04/2012|15/05/2012|816,00|0,00|816,00|0,00|816,00|816,00|000028975|N||||||
13|NFS|2970|C|60972|11/04/2012|15/05/2012|2496,00|0,00|2496,00|0,00|2496,00|2496,00|000028983|N||||||
13|NFS|2971|C|734|11/04/2012|20/05/2012|1280,00|280,00|1000,00|0,00|1000,00|1000,00|000028991|N||||||
13|NFS|2972|C|1611|11/04/2012|20/05/2012|800,00|200,00|600,00|0,00|600,00|600,00|000029007|N||||||
13|NFS|2973|C|835|11/04/2012|20/05/2012|960,00|240,00|720,00|0,00|720,00|720,00|000029015|N||||||
13|NFS|2974|C|1891|11/04/2012|15/05/2012|800,00|195,00|605,00|0,00|605,00|605,00|000029023|N||||||
13|NFS|2975|C|69457|11/04/2012|10/05/2012|290,40|0,00|290,40|0,00|290,40|290,40||N||||||
13|NFS|2976|C|85336|11/04/2012|15/05/2012|324,00|0,00|324,00|0,00|324,00|324,00|000029031|N||||||
13|NFS|2977|C|89567|11/04/2012|15/05/2012|13416,00|5980,00|7436,00|1487,20|5948,80|5948,80|000029049|N||||||
13|NFS|2978|C|691|11/04/2012|20/05/2012|3696,00|1646,40|2049,60|0,00|2049,60|2049,60|000029056|N||||||
13|NFS|2979|C|1050|11/04/2012|20/05/2012|3465,00|1543,50|1921,50|0,00|1921,50|1921,50|000029064|N||||||
13|NFS|2980|C|91483|11/04/2012|20/05/2012|3600,00|1543,50|2056,50|0,00|2056,50|2056,50|000029072|N||||||
13|NFS|2981|C|1531|11/04/2012|10/05/2012|1548,80|0,00|1548,80|0,00|1548,80|1548,80||C|12/04/2012|||||
13|NFS|2982|C|811|11/04/2012|15/05/2012|1760,00|594,00|1166,00|0,00|1166,00|1166,00|000029080|N||||||
13|NFS|2983|C|1051|11/04/2012|15/05/2012|760,00|180,00|580,00|0,00|580,00|580,00|000029098|N||||||
13|NFS|2984|C|92508|11/04/2012|15/05/2012|801,00|296,37|504,63|0,00|504,63|504,63|000029106|N||||||
13|NFS|2985|C|3206|11/04/2012|15/05/2012|162,00|0,00|162,00|0,00|162,00|162,00|000029114|N||||||
13|NFS|2986|C|913|11/04/2012|15/05/2012|3012,00|1140,00|1872,00|374,40|1497,60|1497,60|000029122|N||||||
13|NFS|2987|C|671|11/04/2012|15/05/2012|898,00|0,00|898,00|0,00|898,00|898,00|000029130|N||||||
13|NFS|2988|C|589|11/04/2012|15/05/2012|1280,00|384,00|896,00|0,00|896,00|896,00|000029148|N||||||
13|NFS|2989|C|589|11/04/2012|15/05/2012|3770,40|0,00|3770,40|0,00|3770,40|3770,40|000029155|N||||||
13|NFS|2990|C|97123|11/04/2012|15/05/2012|798,00|438,00|360,00|0,00|360,00|360,00|000029163|N||||||
13|NFS|2991|C|2587|11/04/2012|20/05/2012|1080,00|0,00|1080,00|0,00|1080,00|1080,00|000029171|N||||||
13|NFS|2992|C|15668|11/04/2012|20/04/2012|4970,00|3777,20|1192,80|0,00|1192,80|1192,80|000029189|N||||||
13|NFS|2993|C|712|11/04/2012|20/05/2012|896,00|0,00|896,00|0,00|896,00|896,00|000029197|N||||||
13|NFS|2994|C|99750|11/04/2012|20/05/2012|1760,00|400,00|1360,00|0,00|1360,00|1360,00|000029205|N||||||
13|NFS|2995|C|1708|11/04/2012|05/05/2012|500,00|0,00|500,00|0,00|500,00|500,00|000029213|N||||||
13|NFS|2996|C|1708|11/04/2012|20/05/2012|500,00|0,00|500,00|0,00|500,00|500,00|000029221|N||||||
13|NFS|2997|C|93592|11/04/2012|15/05/2012|2498,40|1898,40|600,00|0,00|600,00|600,00|000029239|N||||||
13|NFS|2998|C|88389|11/04/2012|15/05/2012|1998,72|1398,72|600,00|0,00|600,00|600,00|000029247|N||||||
13|NFS|2999|C|65650|11/04/2012|15/05/2012|4497,12|3997,12|500,00|0,00|500,00|500,00|000029254|N||||||
13|NFS|3000|C|92496|11/04/2012|15/05/2012|1998,72|1398,72|600,00|0,00|600,00|600,00|000029262|N||||||
13|NFS|3001|C|93559|11/04/2012|15/05/2012|4996,80|4596,80|400,00|0,00|400,00|400,00|000029270|N||||||
13|NFS|3002|C|85759|11/04/2012|15/05/2012|1998,72|1398,72|600,00|0,00|600,00|600,00|000029288|N||||||
13|NFS|3003|C|93530|11/04/2012|21/05/2012|4996,80|4596,80|400,00|0,00|400,00|400,00|000033165|N||||||
13|NFS|3004|C|93568|11/04/2012|25/05/2012|2498,40|1948,40|550,00|0,00|550,00|550,00|000029304|N||||||
13|NFS|3005|C|80969|11/04/2012|15/05/2012|4497,12|4197,12|300,00|0,00|300,00|300,00|000029312|N||||||
13|NFS|3006|C|81149|11/04/2012|15/05/2012|4497,12|4047,12|450,00|0,00|450,00|450,00|000029320|N||||||
13|NFS|3007|C|28244|11/04/2012|20/05/2012|26910,00|22075,00|4835,00|0,00|4835,00|4835,00|000029338|N||||||
13|NFS|3008|C|1531|11/04/2012|10/05/2012|1548,80|435,60|1113,20|0,00|1113,20|1113,20||N||||||
13|NFS|3009|C|8983|11/04/2012|15/05/2012|94387,10|92887,10|1500,00|0,00|1500,00|1500,00|000029346|N||||||
13|NFS|3010|C|93297|11/04/2012|15/05/2012|17539,20|16239,20|1300,00|0,00|1300,00|1300,00|000029353|N||||||
13|NFS|3011|C|93308|11/04/2012|15/05/2012|13065,00|12715,00|350,00|0,00|350,00|350,00|000029361|N||||||
13|NFS|3012|C|18477|11/04/2012|11/04/2012|3510,00|3159,00|351,00|0,00|351,00|351,00||N||||||
13|NFS|3013|C|85862|11/04/2012|11/04/2012|90203,75|81183,38|9020,37|0,00|9020,37|9020,37||N||||||
13|NFS|3014|C|18737|11/04/2012|15/05/2012|36328,50|28828,50|7500,00|1500,00|6000,00|6000,00|000031219|N||||||
13|NFS|3015|C|488|11/04/2012|15/05/2012|37440,00|33140,00|4300,00|860,00|3440,00|3440,00||N||||||
13|NFS|3016|C|70154|12/04/2012|20/05/2012|1950,00|0,00|1950,00|390,00|1560,00|1560,00|000029387|N||||||
13|NFS|3017|C|18477|12/04/2012|12/04/2012|7020,00|6318,00|702,00|0,00|702,00|702,00||N||||||
13|NFS|3018|C|85862|12/04/2012|12/04/2012|15697,50|14127,76|1569,74|0,00|1569,74|1569,74||N||||||
13|NFS|3019|C|95342|12/04/2012|15/04/2012|10342,80|4342,80|6000,00|0,00|6000,00|6000,00|000029395|N||||||
13|NFS|3020|C|95342|12/04/2012|15/05/2012|10342,80|4342,80|6000,00|0,00|6000,00|6000,00|000029403|N||||||
13|NFS|3021|C|97060|12/04/2012|15/05/2012|7696,00|936,00|6760,00|1352,00|5408,00|5408,00|000029437|N||||||
13|NFS|3022|C|24500|12/04/2012|15/05/2012|12312,00|7144,08|5167,92|1033,58|4134,34|4134,34||N||||||
13|NFS|3023|C|24500|12/04/2012|15/05/2012|5520,00|4658,68|861,32|172,26|689,06|689,06||N||||||
13|NFS|3024|C|1531|12/04/2012|10/05/2012|1234,20|0,00|1234,20|0,00|1234,20|1234,20||N||||||
13|NFS|3026|C|18629|12/04/2012|18/05/2012|1008,00|0,00|1008,00|201,60|806,40|806,40|000032100|N||||||
13|NFS|3027|C|499|12/04/2012|15/05/2012|5200,00|2008,00|3192,00|0,00|3192,00|3192,00|000029460|N||||||
13|NFS|3028|C|97123|12/04/2012|15/05/2012|536,00|0,00|536,00|0,00|536,00|536,00|000029478|N||||||
13|NFS|3029|C|33953|12/04/2012|15/05/2012|1792,00|504,00|1288,00|0,00|1288,00|1288,00|000029486|N||||||
13|NFS|3030|C|1193|12/04/2012|15/05/2012|1040,00|720,00|320,00|0,00|320,00|320,00|000029494|N||||||
13|NFS|3031|C|98167|12/04/2012|15/05/2012|216,00|0,00|216,00|0,00|216,00|216,00|000029502|N||||||
13|NFS|3032|C|10433|12/04/2012|20/05/2012|980,00|230,00|750,00|0,00|750,00|750,00|000029510|N||||||
13|NFS|3033|C|46665|12/04/2012|15/05/2012|1022,50|422,50|600,00|0,00|600,00|600,00|000030641|N||||||
13|NFS|3034|C|46665|12/04/2012|31/05/2012|1022,50|422,50|600,00|0,00|600,00|600,00|000030658|N||||||
13|NFS|3035|C|574|12/04/2012|15/05/2012|1440,00|1191,40|248,60|0,00|248,60|248,60|000029544|N||||||
13|NFS|3036|C|87111|12/04/2012|15/05/2012|1656,00|856,00|800,00|0,00|800,00|800,00|000029551|N||||||
13|NFS|3037|C|87111|12/04/2012|15/05/2012|5796,00|2856,00|2940,00|0,00|2940,00|2940,00|000029569|N||||||
13|NFS|3038|C|1026|12/04/2012|20/05/2012|1280,00|360,00|920,00|0,00|920,00|920,00|000029577|N||||||
13|NFS|3039|C|95981|12/04/2012|20/05/2012|930,00|0,00|930,00|0,00|930,00|930,00|000029585|N||||||
13|NFS|3040|C|34083|12/04/2012|20/05/2012|760,00|180,00|580,00|0,00|580,00|580,00|000029593|N||||||
13|NFS|3041|C|680|12/04/2012|15/05/2012|4079,00|0,00|4079,00|0,00|4079,00|4079,00|000029601|N||||||
13|NFS|3042|C|796|12/04/2012|15/05/2012|1950,00|694,50|1255,50|0,00|1255,50|1255,50|000029619|N||||||
13|NFS|3043|C|494|12/04/2012|15/05/2012|12264,00|6879,60|5384,40|0,00|5384,40|5384,40|000029627|N||||||
13|NFS|3044|C|1114|12/04/2012|25/05/2012|5570,40|0,00|5570,40|0,00|5570,40|5570,40|000029635|N||||||
13|NFS|3045|C|19837|12/04/2012|15/05/2012|19734,00|15409,68|4324,32|0,00|4324,32|4324,32|000029643|N||||||
13|NFS|3046|C|14623|12/04/2012|20/05/2012|976,00|0,00|976,00|0,00|976,00|976,00|000029650|N||||||
13|NFS|3047|C|1323|12/04/2012|15/05/2012|13492,80|5356,80|8136,00|1627,20|6508,80|6508,80|000029668|N||||||
13|NFS|3048|C|70154|12/04/2012|20/05/2012|3040,00|1440,00|1600,00|320,00|1280,00|1280,00|000029676|N||||||
13|NFS|3049|C|1089|12/04/2012|15/05/2012|5116,80|0,00|5116,80|1023,36|4093,44|4093,44|000029684|N||||||
13|NFS|3050|C|85919|12/04/2012|15/05/2012|3584,00|1836,80|1747,20|349,44|1397,76|1397,76|000029692|N||||||
13|NFS|3051|C|91400|12/04/2012|15/05/2012|4032,00|2284,80|1747,20|349,44|1397,76|1397,76|000029700|N||||||
13|NFS|3052|C|71571|12/04/2012|15/05/2012|3024,00|403,20|2620,80|524,16|2096,64|2096,64|000029718|N||||||
13|NFS|3053|C|919|12/04/2012|15/05/2012|2250,00|189,00|2061,00|412,20|1648,80|1648,80|000029726|N||||||
13|NFS|3054|C|1089|12/04/2012|15/05/2012|1500,00|0,00|1500,00|300,00|1200,00|1200,00|000029734|N||||||
13|NFS|3055|C|493|12/04/2012|15/05/2012|3600,00|0,00|3600,00|720,00|2880,00|2880,00|000029742|N||||||
13|NFS|3056|C|1009|12/04/2012|20/05/2012|1222,60|0,00|1222,60|244,52|978,08|978,08|000029759|N||||||
13|NFS|3057|C|1009|12/04/2012|10/05/2012|1222,60|0,00|1222,60|244,52|978,08|978,08|000029767|N||||||
13|NFS|3058|C|747|12/04/2012|15/05/2012|37655,00|30256,00|7399,00|1479,80|5919,20|5919,20|000029775|N||||||
13|NFS|3059|C|753|12/04/2012|15/05/2012|14742,00|5187,00|9555,00|0,00|9555,00|9555,00|000029783|N||||||
13|NFS|3060|C|91682|12/04/2012|15/05/2012|36880,00|30088,00|6792,00|0,00|6792,00|6792,00|000029791|N||||||
13|NFS|3061|C|69457|12/04/2012|10/05/2012|266,20|0,00|266,20|0,00|266,20|266,20||N||||||
13|NFS|3062|C|78332|12/04/2012|15/05/2012|22172,80|20072,80|2100,00|0,00|2100,00|2100,00|000029809|N||||||
13|NFS|3063|C|73757|12/04/2012|20/05/2012|8482,50|5557,50|2925,00|0,00|2925,00|2925,00|000029817|N||||||
13|NFS|3064|C|73757|12/04/2012|30/05/2012|8482,50|5557,50|2925,00|0,00|2925,00|2925,00|000029825|N||||||
13|NFS|3065|C|8457|12/04/2012|20/05/2012|450,00|0,00|450,00|0,00|450,00|450,00|000029833|N||||||
13|NFS|3066|C|60383|12/04/2012|15/05/2012|12360,00|5784,00|6576,00|0,00|6576,00|6576,00|000029841|N||||||
13|NFS|3067|C|55415|12/04/2012|15/05/2012|1080,00|0,00|1080,00|0,00|1080,00|1080,00|000029858|N||||||
13|NFS|3068|C|1720|12/04/2012|15/05/2012|10146,00|2029,20|8116,80|0,00|8116,80|8116,80|000029866|N||||||
13|NFS|3069|C|80284|12/04/2012|15/05/2012|9328,80|0,00|9328,80|1865,76|7463,04|7463,04|000029874|N||||||
13|NFS|3070|C|80284|12/04/2012|15/05/2012|4500,00|0,00|4500,00|0,00|4500,00|4500,00|000029882|N||||||
13|NFS|3071|C|80284|12/04/2012|15/05/2012|1170,00|0,00|1170,00|234,00|936,00|936,00|000029890|N||||||
13|NFS|3072|C|18629|12/04/2012|18/05/2012|1200,00|0,00|1200,00|240,00|960,00|960,00|000032118|N||||||
13|NFS|3072|C|7683|13/04/2012|07/03/2012|2585,70|0,00|2585,70|0,00|2585,70|2585,70||C|13/04/2012|||||
13|NFS|3073|C|24500|13/04/2012|15/05/2012|5304,00|4077,64|1226,36|245,27|981,09|981,09||N||||||
13|NFS|3074|C|99810|16/04/2012|15/05/2012|324,00|0,00|324,00|0,00|324,00|324,00|000029924|N||||||
13|NFS|3075|C|827|16/04/2012|05/05/2012|149500,00|131108,90|18391,10|3678,22|14712,88|14712,88|000029932|N||||||
13|NFS|3076|C|85862|17/04/2012|17/04/2012|30189,25|27170,33|3018,92|0,00|3018,92|3018,92||N||||||
13|NFS|3077|C|18477|17/04/2012|17/04/2012|5616,00|5054,40|561,60|0,00|561,60|561,60||N||||||
13|NFS|3078|C|20384|18/04/2012|20/04/2012|1083,33|433,33|650,00|0,00|650,00|650,00|000029965|N||||||
13|NFS|3079|C|20384|18/04/2012|20/05/2012|1083,33|433,33|650,00|0,00|650,00|650,00|000029973|N||||||
13|NFS|3080|C|20384|18/04/2012|20/06/2012|1083,33|433,33|650,00|0,00|650,00|650,00|000029981|N||||||
13|NFS|3081|C|23489|18/04/2012|15/05/2012|13993,20|6548,82|7444,38|1488,88|5955,50|5955,50|000030773|N||||||
13|NFS|3082|C|24500|18/04/2012|15/05/2012|61651,20|47302,82|14348,38|2869,68|11478,70|11478,70||N||||||
13|NFS|3083|C|3803|18/04/2012|30/05/2012|15412,80|9355,57|6057,23|1211,45|4845,78|4845,78|000030021|N||||||
13|NFS|3084|C|91361|18/04/2012|15/05/2012|30825,60|21030,36|9795,24|1959,05|7836,19|7836,19|000030039|N||||||
13|NFS|3085|C|8864|18/04/2012|15/05/2012|918,00|0,00|918,00|183,60|734,40|734,40|000030047|N||||||
13|NFS|3086|C|8864|18/04/2012|15/05/2012|216,00|0,00|216,00|43,20|172,80|172,80|000030054|N||||||
13|NFS|3087|C|93445|18/04/2012|15/05/2012|19488,00|17988,00|1500,00|0,00|1500,00|1500,00|000030062|N||||||
13|NFS|3088|C|27381|18/04/2012|15/05/2012|4100,00|1720,00|2380,00|0,00|2380,00|2380,00|000030070|N||||||
13|NFS|3089|C|99688|18/04/2012|15/05/2012|12269,40|3356,40|8913,00|0,00|8913,00|8913,00|000030088|N||||||
13|NFS|3090|C|99478|18/04/2012|25/05/2012|7176,00|0,00|7176,00|0,00|7176,00|7176,00|000030096|N||||||
13|NFS|3091|C|35480|18/04/2012|15/05/2012|400,00|100,00|300,00|0,00|300,00|300,00|000030104|N||||||
13|NFS|3092|C|35480|18/04/2012|20/05/2012|400,00|100,00|300,00|0,00|300,00|300,00|000030112|N||||||
13|NFS|3093|C|47156|18/04/2012|20/05/2012|710,00|0,00|710,00|0,00|710,00|710,00|000030120|N||||||
13|NFS|3094|C|803|18/04/2012|20/05/2012|730,00|0,00|730,00|0,00|730,00|730,00|000030138|N||||||
13|NFS|3095|C|670|18/04/2012|15/05/2012|2680,00|2077,20|602,80|0,00|602,80|602,80|000030146|N||||||
13|NFS|3096|C|9376|18/04/2012|15/05/2012|756,00|0,00|756,00|0,00|756,00|756,00|000030153|N||||||
13|NFS|3097|C|3062|18/04/2012|10/05/2012|435,60|0,00|435,60|0,00|435,60|435,60||N||||||
13|NFS|3098|C|3330|18/04/2012|15/05/2012|14840,00|11459,78|3380,22|0,00|3380,22|3380,22|000030161|N||||||
13|NFS|3099|C|70154|18/04/2012|20/05/2012|10530,00|4080,00|6450,00|1290,00|5160,00|5160,00|000030179|N||||||
13|NFS|3100|C|88184|18/04/2012|15/05/2012|15138,90|0,00|15138,90|3027,78|12111,12|12111,12|000030187|N||||||
13|NFS|3101|C|1358|18/04/2012|15/05/2012|9852,30|0,00|9852,30|1970,46|7881,84|7881,84|000030195|N||||||
13|NFS|3102|C|78942|18/04/2012|15/05/2012|4165,20|0,00|4165,20|833,04|3332,16|3332,16|000030203|N||||||
13|NFS|3103|C|2107|18/04/2012|15/05/2012|4970,00|2485,00|2485,00|0,00|2485,00|2485,00|000030211|N||||||
13|NFS|3104|C|69457|18/04/2012|10/05/2012|508,20|0,00|508,20|0,00|508,20|508,20||N||||||
13|NFS|3105|C|482|18/04/2012|15/05/2012|10080,00|1920,00|8160,00|0,00|8160,00|8160,00|000030229|N||||||
13|NFS|3106|C|470|18/04/2012|20/05/2012|3074,40|0,00|3074,40|0,00|3074,40|3074,40|000030237|N||||||
13|NFS|3107|C|475|18/04/2012|15/05/2012|5382,00|2152,80|3229,20|0,00|3229,20|3229,20|000030245|N||||||
13|NFS|3108|C|919|18/04/2012|15/05/2012|2418,00|2242,80|175,20|35,04|140,16|140,16|000030252|N||||||
13|NFS|3109|C|24500|18/04/2012|30/05/2012|9849,60|7354,80|2494,80|498,96|1995,84|1995,84||N||||||
13|NFS|3110|C|52019|18/04/2012|18/04/2012|54,00|0,00|54,00|0,00|54,00|54,00||N||||||
13|NFS|3111|C|36879|18/04/2012|15/05/2012|162,00|0,00|162,00|0,00|162,00|162,00|000030260|N||||||
13|NFS|3112|C|20933|18/04/2012|15/05/2012|486,00|0,00|486,00|0,00|486,00|486,00|000030278|N||||||
13|NFS|3113|C|36879|18/04/2012|15/05/2012|162,00|0,00|162,00|0,00|162,00|162,00|000030286|N||||||
13|NFS|3114|C|20223|18/04/2012|15/05/2012|1080,00|0,00|1080,00|0,00|1080,00|1080,00|000030294|N||||||
13|NFS|3115|C|493|18/04/2012|15/05/2012|2592,00|0,00|2592,00|518,40|2073,60|2073,60|000030302|N||||||
13|NFS|3116|C|97060|19/04/2012|15/05/2012|3240,00|0,00|3240,00|648,00|2592,00|2592,00|000030328|C|08/05/2012|||||
13|NFS|3117|C|93611|19/04/2012|15/05/2012|2772,00|0,00|2772,00|554,40|2217,60|2217,60|000030336|C|08/05/2012|||||
13|NFS|3118|C|12760|20/04/2012|25/04/2012|537,00|0,00|537,00|0,00|537,00|537,00|000030344|N||||||
13|NFS|3119|C|12760|20/04/2012|20/05/2012|536,50|0,00|536,50|0,00|536,50|536,50|000030351|N||||||
13|NFS|3120|C|12760|20/04/2012|20/06/2012|536,50|0,00|536,50|0,00|536,50|536,50|000030369|N||||||
13|NFS|3121|C|99867|20/04/2012|15/05/2012|10578,75|6078,75|4500,00|0,00|4500,00|4500,00|000030385|N||||||
13|NFS|3122|C|19153|23/04/2012|15/05/2012|6266,00|0,00|6266,00|1253,20|5012,80|5012,80|000030419|N||||||
13|NFS|3123|C|19153|23/04/2012|15/05/2012|4250,00|0,00|4250,00|850,00|3400,00|3400,00|000030427|N||||||
13|NFS|3124|C|29661|23/04/2012|15/05/2012|216,00|0,00|216,00|43,20|172,80|172,80||N||||||
13|NFS|3125|C|29661|23/04/2012|15/05/2012|162,00|0,00|162,00|32,40|129,60|129,60||N||||||
13|NFS|3126|C|23489|23/04/2012|15/05/2012|760,00|392,92|367,08|73,42|293,66|293,66|000030450|N||||||
13|NFS|3127|C|55415|23/04/2012|20/05/2012|540,00|0,00|540,00|0,00|540,00|540,00|000030468|N||||||
13|NFS|3128|C|1531|23/04/2012|10/05/2012|1452,00|0,00|1452,00|0,00|1452,00|1452,00||N||||||
13|NFS|3129|C|99761|23/04/2012|15/05/2012|1242,50|492,50|750,00|0,00|750,00|750,00|000030476|N||||||
13|NFS|3130|C|99761|23/04/2012|15/06/2012|1242,50|492,50|750,00|0,00|750,00|750,00|000030484|N||||||
13|NFS|3131|C|47880|23/04/2012|15/05/2012|710,00|130,00|580,00|0,00|580,00|580,00|000030492|N||||||
13|NFS|3132|C|488|23/04/2012|20/05/2012|216,00|0,00|216,00|0,00|216,00|216,00||C|30/04/2012|||||
13|NFS|3133|C|488|23/04/2012|20/05/2012|756,00|98,00|658,00|0,00|658,00|658,00||N||||||
13|NFS|3134|C|488|23/04/2012|15/05/2012|370,00|48,10|321,90|0,00|321,90|321,90||N||||||
13|NFS|3135|C|45235|23/04/2012|15/05/2012|378,00|0,00|378,00|0,00|378,00|378,00|000030500|N||||||
13|NFS|3136|C|20862|23/04/2012|15/05/2012|324,00|0,00|324,00|0,00|324,00|324,00|000030518|N||||||
13|NFS|3137|C|97236|23/04/2012|15/05/2012|920,25|0,00|920,25|0,00|920,25|920,25|000030526|N||||||
13|NFS|3138|C|97236|23/04/2012|15/06/2012|920,25|0,00|920,25|0,00|920,25|920,25|000030534|N||||||
13|NFS|3139|C|99775|23/04/2012|15/05/2012|1242,50|492,50|750,00|0,00|750,00|750,00|000030542|N||||||
13|NFS|3140|C|99775|23/04/2012|15/06/2012|1242,50|492,50|750,00|0,00|750,00|750,00|000030559|N||||||
13|NFS|3141|C|62555|23/04/2012|30/05/2012|5171,40|2139,54|3031,86|606,37|2425,49|2425,49|000030567|N||||||
13|NFS|3142|C|24500|23/04/2012|30/05/2012|5304,00|4077,64|1226,36|245,27|981,09|981,09||N||||||
13|NFS|3143|C|19887|23/04/2012|15/05/2012|378,00|0,00|378,00|0,00|378,00|378,00|000030575|N||||||
13|NFS|3144|C|84086|23/04/2012|15/05/2012|108,00|0,00|108,00|0,00|108,00|108,00|000030583|N||||||
13|NFS|3145|C|43053|23/04/2012|15/05/2012|4090,00|1030,00|3060,00|612,00|2448,00|2448,00|000030591|N||||||
13|NFS|3146|C|24500|24/04/2012|30/05/2012|61651,20|47302,82|14348,38|2869,68|11478,70|11478,70||N||||||
13|NFS|3147|C|24500|24/04/2012|30/05/2012|61651,20|47302,82|14348,38|2869,68|11478,70|11478,70||N||||||
13|NFS|3149|C|29661|24/04/2012|20/05/2012|216,00|0,00|216,00|43,20|172,80|172,80||N||||||
13|NFS|3149|C|7683|24/04/2012|29/03/2012|9078,00|0,00|9078,00|0,00|9078,00|9078,00||C|24/04/2012|||||
13|NFS|3150|C|165|24/04/2012|20/05/2012|26910,00|21910,00|5000,00|0,00|5000,00|5000,00|000030609|N||||||
13|NFS|3151|C|85862|24/04/2012|24/04/2012|2040,67|0,00|2040,67|0,00|2040,67|2040,67||N||||||
13|NFS|3152|C|3803|25/04/2012|30/05/2012|39620,10|25262,22|14357,88|2871,58|11486,30|11486,30|000030617|N||||||
13|NFS|3153|C|54866|25/04/2012|30/05/2012|7168,17|0,00|7168,17|1433,63|5734,54|5734,54|000030625|N||||||
13|NFS|3154|C|93161|25/04/2012|09/05/2012|12177,60|0,00|12177,60|0,00|12177,60|12177,60||N||||||
13|NFS|3155|C|19153|25/04/2012|15/05/2012|7419,10|5674,26|1744,84|348,97|1395,87|1395,87|000030666|N||||||
13|NFS|3156|C|24500|25/04/2012|30/05/2012|18544,00|13554,40|4989,60|997,92|3991,68|3991,68||N||||||
13|NFS|3157|C|60383|25/04/2012|15/05/2012|13587,60|9511,32|4076,28|0,00|4076,28|4076,28|000030674|N||||||
13|NFS|3158|C|2884|25/04/2012|20/05/2012|486,00|0,00|486,00|0,00|486,00|486,00|000030682|N||||||
13|NFS|3159|C|88184|25/04/2012|15/05/2012|324,00|0,00|324,00|64,80|259,20|259,20|000030690|N||||||
13|NFS|3160|C|47345|25/04/2012|20/05/2012|618,75|118,75|500,00|0,00|500,00|500,00|000030708|N||||||
13|NFS|3161|C|47345|25/04/2012|20/06/2012|618,75|118,75|500,00|0,00|500,00|500,00|000030716|N||||||
13|NFS|3162|C|99837|25/04/2012|15/05/2012|1775,00|775,00|1000,00|0,00|1000,00|1000,00|000030724|N||||||
13|NFS|3163|C|99805|25/04/2012|25/05/2012|1597,50|639,00|958,50|191,70|766,80|766,80|000030732|N||||||
13|NFS|3164|C|99766|25/04/2012|15/05/2012|426,00|0,00|426,00|0,00|426,00|426,00|000030740|N||||||
13|NFS|3165|C|78170|25/04/2012|20/05/2012|414,00|252,00|162,00|0,00|162,00|162,00|000030757|N||||||
13|NFS|3166|C|80098|25/04/2012|20/05/2012|1760,00|200,00|1560,00|0,00|1560,00|1560,00|000030765|N||||||
13|NFS|3167|C|11219|25/04/2012|05/05/2012|1458,00|0,00|1458,00|0,00|1458,00|1458,00|000030633|N||||||
13|NFS|3168|C|488|26/04/2012|15/05/2012|46800,00|42500,00|4300,00|860,00|3440,00|3440,00|000030856|N||||||
13|NFS|3169|C|18477|26/04/2012|26/04/2012|3510,00|0,00|3510,00|3159,00|351,00|351,00||N||||||
13|NFS|3170|C|60383|26/04/2012|15/05/2012|19375,20|18211,83|1163,37|0,00|1163,37|1163,37|000030864|N||||||
13|NFS|3171|C|18477|26/04/2012|26/04/2012|9126,00|8213,40|912,60|0,00|912,60|912,60||N||||||
13|NFS|3172|C|1531|26/04/2012|10/05/2012|1210,00|0,00|1210,00|0,00|1210,00|1210,00||N||||||
13|NFS|3173|C|91361|26/04/2012|15/05/2012|30825,60|21030,36|9795,24|1959,05|7836,19|7836,19|000030872|N||||||
13|NFS|3174|C|29661|26/04/2012|15/05/2012|216,00|0,00|216,00|43,20|172,80|172,80||N||||||
13|NFS|3175|C|8864|26/04/2012|15/05/2012|270,00|0,00|270,00|54,00|216,00|216,00|000030880|N||||||
13|NFS|3176|C|99972|26/04/2012|15/05/2012|54,00|0,00|54,00|0,00|54,00|54,00|000030898|N||||||
13|NFS|3177|C|33953|26/04/2012|20/05/2012|3588,00|2188,00|1400,00|0,00|1400,00|1400,00|000030906|N||||||
13|NFS|3178|C|69457|26/04/2012|10/05/2012|290,40|0,00|290,40|0,00|290,40|290,40||N||||||
13|NFS|3179|C|91483|26/04/2012|20/05/2012|2688,00|2064,00|624,00|0,00|624,00|624,00|000030914|N||||||
13|NFS|3180|C|28029|26/04/2012|20/05/2012|648,00|0,00|648,00|0,00|648,00|648,00|000030922|N||||||
13|NFS|3181|C|28029|26/04/2012|20/05/2012|648,00|0,00|648,00|0,00|648,00|648,00|000030955|N||||||
13|NFS|3182|C|32942|26/04/2012|20/05/2012|216,00|0,00|216,00|0,00|216,00|216,00|000030930|N||||||
13|NFS|3183|C|99807|26/04/2012|20/05/2012|312,00|0,00|312,00|0,00|312,00|312,00|000030948|N||||||
13|NFS|3184|C|29661|27/04/2012|15/05/2012|216,00|0,00|216,00|43,20|172,80|172,80||N||||||
13|NFS|3185|C|8864|27/04/2012|15/05/2012|270,00|0,00|270,00|54,00|216,00|216,00|000030963|N||||||
13|NFS|3186|C|29661|27/04/2012|30/05/2012|216,00|0,00|216,00|43,20|172,80|172,80||N||||||
13|NFS|3187|C|3062|27/04/2012|10/05/2012|532,40|0,00|532,40|0,00|532,40|532,40||N||||||
13|NFS|3188|C|89864|27/04/2012|20/05/2012|162,00|0,00|162,00|0,00|162,00|162,00|000030989|N||||||
13|NFS|3189|C|89864|27/04/2012|20/05/2012|162,00|0,00|162,00|0,00|162,00|162,00|000030997|N||||||
13|NFS|3190|C|4158|27/04/2012|20/05/2012|162,00|0,00|162,00|0,00|162,00|162,00|000031003|N||||||
13|NFS|3191|C|4158|27/04/2012|20/05/2012|162,00|0,00|162,00|0,00|162,00|162,00|000031011|N||||||
13|NFS|3192|C|32264|27/04/2012|20/05/2012|246,00|0,00|246,00|0,00|246,00|246,00|000031029|N||||||
13|NFS|3193|C|1009|27/04/2012|20/05/2012|108,00|0,00|108,00|21,60|86,40|86,40|000031037|N||||||
13|NFS|3194|C|87111|27/04/2012|15/05/2012|5796,00|2856,00|2940,00|0,00|2940,00|2940,00|000031045|N||||||
13|NFS|3195|C|87111|27/04/2012|15/05/2012|1656,00|856,00|800,00|0,00|800,00|800,00|000031052|N||||||
13|NFS|3196|C|19153|30/04/2012|15/05/2012|1387,20|0,00|1387,20|277,44|1109,76|1109,76|000031060|N||||||
13|NFS|3197|C|827|30/04/2012|20/05/2012|111800,00|98663,50|13136,50|2627,30|10509,20|10509,20|000031078|N||||||
13|NFS|3198|C|1799|30/04/2012|30/05/2012|45812,00|24779,20|21032,80|4206,56|16826,24|16826,24|000031086|N||||||
13|NFS|3199|C|19153|30/04/2012|15/05/2012|9076,00|0,00|9076,00|1815,20|7260,80|7260,80|000031094|N||||||
13|NFS|3200|C|60781|30/04/2012|30/05/2012|17056,00|10400,00|6656,00|1331,20|5324,80|5324,80|000031102|N||||||
13|NFS|3201|C|56087|30/04/2012|15/05/2012|3471,00|347,10|3123,90|624,78|2499,12|2499,12|000031110|N||||||
13|NFS|3202|C|60383|30/04/2012|10/05/2012|3504,00|240,00|3264,00|0,00|3264,00|3264,00|000031128|N||||||
13|NFS|3203|C|20223|30/04/2012|15/05/2012|51105,60|37209,60|13896,00|0,00|13896,00|13896,00|000031136|N||||||
13|NFS|3204|C|25458|30/04/2012|15/05/2012|20826,00|2082,60|18743,40|0,00|18743,40|18743,40|000031144|N||||||
13|NFS|3205|C|25458|30/04/2012|15/06/2012|20826,00|2082,60|18743,40|0,00|18743,40|18743,40|000031151|N||||||
13|NFS|3206|C|3803|30/04/2012|30/05/2012|53254,50|34349,55|18904,95|3780,99|15123,96|15123,96|000031169|N||||||
13|NFS|3207|C|54866|30/04/2012|30/05/2012|18876,62|9438,32|9438,30|1887,66|7550,64|7550,64|000031177|N||||||
13|NFS|3208|C|3803|30/04/2012|30/05/2012|860,00|430,00|430,00|86,00|344,00|344,00|000031193|N||||||
13|NFS|3209|C|23489|30/04/2012|15/05/2012|13993,20|6548,82|7444,38|1488,88|5955,50|5955,50|000031201|N||||||
13|NFS|3210|C|99766|30/04/2012|04/05/2012|1083,34|463,34|620,00|0,00|620,00|620,00|000031227|N||||||
13|NFS|3211|C|99766|30/04/2012|25/05/2012|1083,33|483,33|600,00|0,00|600,00|600,00|000031235|N||||||
13|NFS|3212|C|99766|30/04/2012|25/06/2012|1083,33|483,33|600,00|0,00|600,00|600,00|000031243|N||||||
13|NFS|3213|C|36068|30/04/2012|10/05/2012|1825,00|730,00|1095,00|219,00|876,00|876,00|000031250|N||||||
13|NFS|3214|C|36068|30/04/2012|20/05/2012|1825,00|730,00|1095,00|219,00|876,00|876,00|000031268|N||||||
13|NFS|3215|C|36068|30/04/2012|20/06/2012|1825,00|730,00|1095,00|219,00|876,00|876,00|000031276|N||||||
13|NFS|3216|C|36068|30/04/2012|20/07/2012|1825,00|730,00|1095,00|219,00|876,00|876,00|000031284|N||||||
13|NFS|3217|C|99047|30/04/2012|20/05/2012|6760,00|2433,60|4326,40|865,28|3461,12|3461,12|000031292|N||||||
13|NFS|3218|C|59256|30/04/2012|10/05/2012|2886,00|1092,00|1794,00|0,00|1794,00|1794,00|000031300|N||||||
13|NFS|3219|C|59256|30/04/2012|10/05/2012|1782,00|705,60|1076,40|0,00|1076,40|1076,40|000031318|N||||||
13|NFS|3220|C|59256|30/04/2012|10/05/2012|4726,00|1226,00|3500,00|0,00|3500,00|3500,00|000031326|N||||||
13|NFS|3221|C|59256|30/04/2012|10/05/2012|19890,00|3719,56|16170,44|0,00|16170,44|16170,44|000031334|N||||||
13|NFS|3222|C|14726|30/04/2012|15/05/2012|998,40|691,20|307,20|0,00|307,20|307,20|000031359|C|24/05/2012|||||
13|NFS|3223|C|94072|30/04/2012|15/05/2012|374,40|216,00|158,40|0,00|158,40|158,40|000031367|N||||||
13|NFS|3224|C|19402|30/04/2012|15/05/2012|6230,00|3115,00|3115,00|0,00|3115,00|3115,00|000031375|N||||||
13|NFS|3225|C|98830|30/04/2012|15/05/2012|2485,00|1610,00|875,00|0,00|875,00|875,00|000031383|N||||||
13|NFS|3226|C|95919|30/04/2012|20/05/2012|180,00|0,00|180,00|0,00|180,00|180,00|000031391|N||||||
13|NFS|3227|C|2433|30/04/2012|20/06/2012|1625,00|650,00|975,00|0,00|975,00|975,00|000031409|C|08/05/2012|||||
13|NFS|3228|C|2433|30/04/2012|20/07/2012|1625,00|650,00|975,00|0,00|975,00|975,00|000031417|C|08/05/2012|||||
13|NFS|3229|C|89576|30/04/2012|20/05/2012|975,00|0,00|975,00|0,00|975,00|975,00|000031425|N||||||
13|NFS|3230|C|32264|30/04/2012|20/06/2012|1350,00|0,00|1350,00|0,00|1350,00|1350,00|000031433|N||||||
13|NFS|3231|C|53253|30/04/2012|15/05/2012|265,00|133,00|132,00|0,00|132,00|132,00|000031441|N||||||
13|NFS|3232|C|819|30/04/2012|15/05/2012|499,20|249,60|249,60|0,00|249,60|249,60|000031458|N||||||
13|NFS|3233|C|98327|30/04/2012|29/05/2012|1237,50|433,12|804,38|0,00|804,38|804,38|000033470|N||||||
13|NFS|3234|C|77623|30/04/2012|30/04/2012|3939,00|1664,00|2275,00|455,00|1820,00|1820,00||N||||||
13|NFS|3235|C|867|30/04/2012|20/05/2012|125,60|0,00|125,60|25,12|100,48|100,48|000031474|N||||||
13|NFS|3236|C|95396|30/04/2012|15/05/2012|45198,00|41342,40|3855,60|0,00|3855,60|3855,60|000031581|N||||||
13|NFS|3237|C|3803|30/04/2012|30/06/2012|4110,00|2055,00|2055,00|411,00|1644,00|1644,00|000034080|N||||||
13|NFS|3238|C|8864|30/04/2012|31/05/2012|270,00|0,00|270,00|54,00|216,00|216,00|00003160-7|N||||||
13|NFS|3239|C|488|30/04/2012|20/05/2012|864,00|112,00|752,00|0,00|752,00|752,00||N||||||
13|NFS|3240|C|11876|30/04/2012|15/05/2012|5460,00|1960,00|3500,00|700,00|2800,00|2800,00|000031615|N||||||
13|NFS|3241|C|97758|30/04/2012|22/05/2012|216,00|0,00|216,00|0,00|216,00|216,00|000033140|N||||||
13|NFS|3242|C|97758|30/04/2012|22/05/2012|216,00|0,00|216,00|0,00|216,00|216,00|000033157|N||||||
13|NFS|3243|C|56883|30/04/2012|15/05/2012|24297,00|12148,50|12148,50|0,00|12148,50|12148,50|000031649|N||||||
13|NFS|3244|C|32852|30/04/2012|20/05/2012|13884,00|0,00|13884,00|0,00|13884,00|13884,00|000031656|N||||||
13|NFS|3245|C|11219|30/04/2012|15/06/2012|1491,75|491,75|1000,00|0,00|1000,00|1000,00|000031664|N||||||
13|NFS|3246|C|38468|30/04/2012|15/05/2012|6037,50|4537,50|1500,00|300,00|1200,00|1200,00|000031672|N||||||
13|NFS|3247|C|93520|30/04/2012|15/05/2012|2000,00|0,00|2000,00|0,00|2000,00|2000,00|000031680|N||||||
13|NFS|3248|C|93520|30/04/2012|15/05/2012|4000,00|0,00|4000,00|0,00|4000,00|4000,00|000031698|N||||||
13|NFS|3249|C|25314|30/04/2012|15/05/2012|972,00|648,00|324,00|0,00|324,00|324,00|000031706|N||||||
13|NFS|3250|C|73208|30/04/2012|15/05/2012|1242,00|62,10|1179,90|0,00|1179,90|1179,90|000031722|N||||||
13|NFS|3251|C|29661|30/04/2012|15/06/2012|378,00|0,00|378,00|75,60|302,40|302,40||N||||||
13|NFS|3252|C|2107|30/04/2012|15/05/2012|7120,00|1068,00|6052,00|0,00|6052,00|6052,00|000031730|N||||||
13|NFS|3253|C|753|30/04/2012|25/05/2012|1206,00|308,00|898,00|0,00|898,00|898,00|000031748|N||||||
13|NFS|3255|C|91361|30/04/2012|25/05/2012|30825,60|21030,36|9795,24|1959,05|7836,19|7836,19|000031979|N||||||
13|NFS|3256|C|8603|30/04/2012|30/05/2012|828,00|414,00|414,00|0,00|414,00|414,00|000031763|C|31/05/2012|||||
13|NFS|3257|C|23481|30/04/2012|30/03/2012|156,00|0,00|156,00|0,00|156,00|156,00||C|30/04/2012|||||
13|NFS|3257|C|56087|30/04/2012|15/05/2012|3471,00|347,10|3123,90|624,78|2499,12|2499,12|000031771|N||||||
