9002      10-251-00105ZA 0         000071,00
9002      10-251-00105ZP 0         001830,00
9002      10-251-00106ZB 0         004152,00
9002      10-251-00106ZP 0         001996,00
9002      10-251-00108ZB 0         002740,00
9002      10-251-00108ZP 0         000317,00
9002      10-251-00110ZB 0         003484,00
9002      10-251-00110ZP 0         000058,00
9002      10-251-00112ZB 0         000324,00
9002      10-251-00120ZB 0         000363,00
9002      10-251-01205ZB 0         001077,00
9002      10-251-01206ZB 0         008223,00
9002      10-251-02410ZB 0         000004,00
9002      10-252-00104ZA 0         000200,00
9002      10-252-00910ZB 0         006155,00
9002      10-255-00004   0         001030,00
9002      10-255-00008   0         000748,00
9002      10-255-00011   0         000189,00
9002      10-255-00015   0         000070,00
9002      10-255-D08020ZA0         000259,00
9002      10-255-E06012ZB0         001427,00
9002      10-255-E06016ZB0         001932,00
9002      10-255-E06030ZA0         000077,00
9002      10-255-E08012BR0         000100,00
9002      10-255-E08012ZA0         003553,00
9002      10-255-E08020BR0         000442,00
9002      10-255-E08020ZA0         000000,00
9002      10-255-E08050ZB0         000000,00
9002      10-255-E08060ZA0         000200,00
9002      10-255-E10025ZB0         000092,00
9002      10-255-E10035BR0         000122,00
9002      10-255-E12030ZB0         000048,00
9002      10-255-F05016ZP0         000643,00
9002      10-255-F08020ZB0         000276,00
9002      10-255-F12035ZB0         000000,00
9002      10-255-F12035ZP0         000000,00
9002      10-255-G04012ZP0         001707,00
9002      10-255-G05012ZP0         001200,00
9002      10-255-G06016ZA0         001000,00
9002      10-255-G06070ZP0         000010,00
9002      10-255-G12070ZP0         000000,00
9002      10-255-H05010ZP0         002669,00
9002      10-255-H06012ZB0         000131,00
9002      10-255-K08020BR0         001298,00
9002      10-256-E08040ZB0         000292,00
9002      10-270-E08020BR0         000120,00
9002      9-135-00009    0         000557,00
9002      9-135-00040    0         000115,00
9002      9-251-00116ZB  0         000000,00
9002      9-251-00218ZB  0         002530,00
9002      9-251-00225    0         001510,00
9002      9-251-00227    0         000000,00
9002      9-251-00228    0         000000,00
9002      9-251-00229    0         001386,00
9002      9-251-00230    0         000551,00
9002      9-251-00233    0         000164,00
9002      9-251-00235    0         000592,00
9002      9-251-00236    0         001225,00
9002      9-251-01208ZB  0         001553,00
9002      9-251-01210ZB  0         001067,00
9002      9-251-02412ZB  0         000018,00
9002      9-251-02859BR  0         000261,00
9002      9-251-06001ZP  0         001044,00
9002      9-251-08120IN  0         002000,00
9002      9-251-08125ZB  0         003798,00
9002      9-252-00011    0         000325,00
9002      9-252-00205TB  0         005950,00
9002      9-252-01519ZB  0         001504,00
9002      9-252-01520ZB  0         002579,00
9002      9-255-00007    0         000236,00
9002      9-255-00010    0         001700,00
9002      9-255-00019    0         001900,00
9002      9-255-00020    0         003352,00
9002      9-255-00022    0         000224,00
9002      9-255-01020ZP  0         000592,00
9002      9-255-01025ZB  0         001573,00
9002      9-255-01045ZB  0         000249,00
9002      9-255-06012ZB  0         000380,00
9002      9-255-06016ZB  0         001464,00
9002      9-255-06025ZP  0         000192,00
9002      9-255-08012ZB  0         001500,00
9002      9-255-08016ZB  0         000343,00
9002      9-255-08020ZB  0         000456,00
9002      9-255-08025ZB  0         002160,00
9002      9-255-08030ZB  0         000064,00
9002      9-255-10040ZB  0         000200,00
9002      9-255-A05010TB 0         005000,00
9002      9-255-E01040ZP 0         000102,00
9002      9-255-E012040ZP0         000052,00
9002      9-255-E05016ZB 0         001243,00
9002      9-255-E05025ZB 0         000557,00
9002      9-255-E08016ZA 0         000509,00
9002      9-255-E08016ZP 0         001392,00
9002      9-255-E08020ZB 0         000067,00
9002      9-255-E08021ZB 0         001974,00
9002      9-255-E08025ZB 0         005200,00
9002      9-255-E08026ZB 0         004798,00
9002      9-255-E08050ZB 0         000223,00
9002      9-255-E10025ZA 0         002136,00
9002      9-255-E10025ZB 0         001522,00
9002      9-255-E10026ZB 0         001611,00
9002      9-255-E10030ZA 0         000300,00
9002      9-255-E10035ZA 0         000686,00
9002      9-255-E12025ZA 0         000200,00
9002      9-255-E12030ZA 0         000015,00
9002      9-255-F12040ZP 0         000000,00
9002      9-255-P00816ZB 0         002420,00
9002      9-255-P01230ZB 0         002167,00
9002      9-255-P10030ZB 0         000298,00
9002      9-255-T01013ZP 0         003134,00
9002      9-255-T0612ZP  0         000506,00
9002      9-L52-01518ZB  0         000245,00
