9002      10-130-01011   0         000039,00
9002      10-130-03003   0         000002,00
9002      10-130-03045   0         000103,00
9002      10-130-03067   0         000227,00
9002      10-130-03071   0         000026,00
9002      10-130-05005   0         000054,00
9002      10-130-05008   0         000062,00
9002      10-130-08003   0         000110,00
9002      10-130-08027   0         000029,00
9002      10-130-08063   0         000055,00
9002      10-130-08064   0         000086,00
9002      10-130-19001   0         000074,00
9002      10-130-19002   0         000394,00
9002      10-132-02001   0         000016,00
9002      10-134-01007   0         000008,00
9002      10-251-00103ZA 0         000768,00
9002      10-251-00104ZA 0         003169,00
9002      10-251-00114ZA 0         017276,00
9002      10-251-00304   0         002400,00
9002      10-251-00312   0         001562,00
9002      10-251-01205ZB 0         001934,00
9002      10-251-01505ZA 0         000395,00
9002      10-252-00114ZA 0         011653,00
9002      10-252-00214ZA 0         008976,00
9002      10-252-00308BR 0         001153,00
9002      10-252-01003ZB 0         000099,00
9002      10-254-20521ZA 0         002900,00
9002      10-254-20612   0         002085,00
9002      10-254-20615ZA 0         005356,00
9002      10-254-20630ZA 0         000530,00
9002      10-254-20815ZA 0         001000,00
9002      10-254-20820ZA 0         000182,00
9002      10-254-40610ZB 0         000082,00
9002      10-255-A05006ZB0         000750,00
9002      10-255-B08040ZP0         000005,00
9002      10-255-C05008ZP0         001137,00
9002      10-255-D06025ZA0         000591,00
9002      10-255-D06040ZA0         001030,00
9002      10-255-E05012ZB0         000934,00
9002      10-255-E06010ZB0         000348,00
9002      10-255-E06016ZP0         001078,00
9002      10-255-E06020ZA0         000652,00
9002      10-255-E06035ZA0         000453,00
9002      10-255-F04008ZP0         001997,00
9002      10-255-F05010ZP0         001655,00
9002      10-255-F05016ZP0         000700,00
9002      10-255-F06008ZB0         001388,00
9002      10-255-F06010ZP0         003413,00
9002      10-255-F06012ZP0         001900,00
9002      10-255-F06015ZP0         000665,00
9002      10-255-F06016ZB0         001466,00
9002      10-255-F06020ZB0         001082,00
9002      10-255-F06030ZP0         000280,00
9002      10-255-G04020ZP0         001077,00
9002      10-255-G05030ZB0         000151,00
9002      10-255-G05035ZB0         000533,00
9002      10-255-G05040ZB0         000201,00
9002      10-255-G05040ZP0         000347,00
9002      10-255-G06008ZP0         001448,00
9002      10-255-G06010ZP0         001162,00
9002      10-255-G06012ZB0         000565,00
9002      10-255-G06012ZP0         000925,00
9002      10-255-G06020ZB0         000734,00
9002      10-255-G06020ZP0         002544,00
9002      10-255-G06025ZB0         000403,00
9002      10-255-G06025ZP0         000199,00
9002      10-255-G08012ZP0         000417,00
9002      10-255-G08016ZB0         000760,00
9002      10-255-G08016ZP0         000158,00
9002      10-255-H04006ZP0         001477,00
9002      10-255-H06010ZP0         001960,00
9002      10-255-H06012ZB0         003792,00
9002      10-255H06012ZP 0         008885,00
9002      10-255-H06016ZB0         001376,00
9002      10-255-H06016ZP0         000956,00
9002      10-255-H06020ZB0         000289,00
9002      10-255-H06020ZP0         002627,00
9002      10-255-H06025ZP0         001840,00
9002      10-255-H08012ZB0         000859,00
9002      10-255-H08016ZB0         000830,00
9002      10-255-H08020ZP0         000701,00
9002      10-255-J06016ZP0         000428,00
9002      10-258-E14040ZA0         014786,00
9002      10-310-10000   0         015780,00
9002      10-310-10526   0         000210,00
9002      10-310-10835   0         001060,00
9002      55-200-02084   0         000744,00
9002      55-200-06401   0         000102,00
9002      55-200-06490   0         000029,00
9002      55-200-08088   0         000024,00
9002      55-220-01361   0         000028,00
9002      55-220-01470   0         000027,00
9002      55-220-01476   0         000736,00
9002      55-220-01550   0         000250,00
9002      55-220-01551   0         000488,00
9002      55-220-01552   0         000133,00
9002      55-260-00119   0         000004,00
9002      55-260-00313   0         000792,00
9002      55-260-00347   0         000001,00
9002      55-260-00348   0         000011,00
9002      55-260-00349   0         000016,00
9002      55-260-00351   0         000055,00
9002      55-260-00806   0         000254,00
9002      9-130-06001    0         000066,00
9002      9-130-08026    0         000008,00
9002      9-130-23002    0         000053,00
9002      9-130-23003    0         000058,00
9002      9-130-23004    0         000367,00
9002      9-130-23005    0         000472,00
9002      9-130-23006    0         000086,00
9002      9-130-23007    0         000006,00
9002      9-130-23008    0         000000,00
9002      9-130-23020    0         000028,00
9002      9-135-06005    0         000051,00
9002      9-135-06028    0         000200,00
9002      9-135-06090    0         000013,00
9002      9-135-26007    0         000004,00
9002      9-251-00001BR  0         002850,00
9002      9-251-00510    0         000810,00
9002      9-251-01212ZB  0         000632,00
9002      9-251-01216ZB  0         000769,00
9002      9-251-02012ZB  0         000275,00
9002      9-252-00001ZP  0         002630,00
9002      9-252-00206IN  0         000480,00
9002      9-252-00215ZB  0         003709,00
9002      9-254-00007    0         000120,00
9002      9-255-01040ZP  0         002635,00
9002      9-255-01050ZP  0         003580,00
9002      9-255-08020ZA  0         002500,00
9002      9-255-E12060ZB 0         000058,00
9002      9-255-E16130ZB 0         000162,00
9002      9-255-G04012ZB 0         003075,00
9002      9-255-H05008ZP 0         003685,00
9002      9-255-H06012IN 0         000315,00
9002      9-270-E18060IN 0         000004,00
